Time,mean,climatology,anomaly
1025740800,NaN,0.246662,NaN
1025827200,NaN,0.251671,NaN
1025913600,NaN,0.256680,NaN
1026000000,NaN,0.261689,NaN
1026086400,NaN,0.266698,NaN
1026172800,NaN,0.271707,NaN
1026259200,0.051918,0.276716,-0.224798
1026345600,NaN,0.281725,NaN
1026432000,NaN,0.286734,NaN
1026518400,NaN,0.291743,NaN
1026691200,0.109453,0.301761,-0.192308
1026777600,0.116770,0.298732,-0.181962
1026864000,0.127628,0.295703,-0.168075
1026950400,NaN,0.292674,NaN
1027036800,NaN,0.289645,NaN
1027209600,NaN,0.283586,NaN
1027296000,0.120264,0.280557,-0.160293
1027382400,NaN,0.277528,NaN
1027468800,NaN,0.274499,NaN
1027555200,NaN,0.271470,NaN
1027641600,NaN,0.268441,NaN
1027728000,NaN,0.265412,NaN
1027814400,NaN,0.262383,NaN
1027900800,NaN,0.259353,NaN
1028678400,NaN,0.232091,NaN
1028851200,NaN,0.226033,NaN
1028937600,NaN,0.223004,NaN
1029024000,NaN,0.219975,NaN
1029110400,NaN,0.216946,NaN
1029196800,NaN,0.213917,NaN
1029283200,NaN,0.210887,NaN
1029456000,0.357716,0.205716,0.152000
1029542400,NaN,0.203573,NaN
1029628800,NaN,0.201431,NaN
1029715200,NaN,0.199288,NaN
1029888000,NaN,0.195003,NaN
1029974400,NaN,0.192861,NaN
1030060800,NaN,0.190718,NaN
1030233600,NaN,0.186433,NaN
1030320000,NaN,0.184291,NaN
1030406400,NaN,0.182148,NaN
1030492800,NaN,0.180006,NaN
1030579200,NaN,0.177863,NaN
1030665600,NaN,0.175721,NaN
1030752000,NaN,0.173578,NaN
1030924800,NaN,0.169293,NaN
1031011200,NaN,0.167151,NaN
1031097600,NaN,0.165008,NaN
1031270400,NaN,0.160723,NaN
1031356800,NaN,0.158581,NaN
1031443200,NaN,0.156438,NaN
1031616000,NaN,0.152153,NaN
1031702400,NaN,0.150010,NaN
1031875200,NaN,0.145725,NaN
1031961600,NaN,0.143583,NaN
1032048000,NaN,0.141440,NaN
1032134400,NaN,0.142435,NaN
1032220800,NaN,0.143429,NaN
1032307200,NaN,0.144423,NaN
1032393600,NaN,0.145418,NaN
1032480000,NaN,0.146412,NaN
1032566400,NaN,0.147406,NaN
1032652800,NaN,0.148401,NaN
1032739200,NaN,0.149395,NaN
1032825600,NaN,0.150389,NaN
1032912000,NaN,0.151384,NaN
1032998400,NaN,0.152378,NaN
1033084800,0.168721,0.153372,0.015349
1033171200,NaN,0.154367,NaN
1033257600,NaN,0.155361,NaN
1033344000,0.125228,0.156355,-0.031128
1033430400,NaN,0.157350,NaN
1033516800,NaN,0.158344,NaN
1033603200,NaN,0.159338,NaN
1033689600,0.315088,0.160333,0.154756
1033776000,NaN,0.161327,NaN
1033862400,0.163505,0.162321,0.001183
1033948800,NaN,0.163316,NaN
1034035200,NaN,0.164310,NaN
1034121600,NaN,0.165304,NaN
1034208000,NaN,0.166299,NaN
1034294400,NaN,0.167293,NaN
1034380800,NaN,0.168287,NaN
1034467200,NaN,0.169282,NaN
1034553600,NaN,0.170276,NaN
1034640000,NaN,0.171270,NaN
1034726400,0.271994,0.172509,0.099485
1034812800,0.292929,0.173748,0.119181
1034899200,NaN,0.174987,NaN
1034985600,NaN,0.176226,NaN
1035072000,0.184777,0.177464,0.007312
1035158400,NaN,0.178703,NaN
1035244800,NaN,0.179942,NaN
1035331200,NaN,0.181181,NaN
1035417600,NaN,0.182420,NaN
1035504000,NaN,0.183658,NaN
1035590400,NaN,0.184897,NaN
1035676800,NaN,0.186136,NaN
1035763200,NaN,0.187375,NaN
1035849600,NaN,0.188614,NaN
1035936000,NaN,0.189852,NaN
1036022400,NaN,0.191091,NaN
1036108800,NaN,0.192330,NaN
1036195200,NaN,0.193569,NaN
1036281600,NaN,0.194808,NaN
1036368000,NaN,0.196046,NaN
1036454400,NaN,0.197285,NaN
1036540800,0.194818,0.198524,-0.003706
1036627200,0.172177,0.199763,-0.027585
1036713600,NaN,0.201002,NaN
1036800000,0.208810,0.202240,0.006570
1036886400,0.173357,0.203479,-0.030122
1036972800,NaN,0.204718,NaN
1037059200,0.194274,0.205957,-0.011683
1037145600,0.234898,0.207196,0.027703
1037232000,0.191873,0.208434,-0.016561
1037318400,NaN,0.209673,NaN
1037404800,NaN,0.213067,NaN
1037491200,0.266460,0.216461,0.049999
1037577600,NaN,0.219855,NaN
1037664000,NaN,0.223249,NaN
1037750400,NaN,0.226643,NaN
1037836800,0.303154,0.230037,0.073117
1037923200,0.304037,0.233432,0.070605
1038009600,NaN,0.236826,NaN
1038096000,NaN,0.240220,NaN
1038182400,0.221723,0.243614,-0.021890
1038268800,NaN,0.247008,NaN
1038355200,NaN,0.250402,NaN
1038441600,NaN,0.253796,NaN
1038528000,0.239733,0.257190,-0.017457
1038614400,NaN,0.260584,NaN
1038700800,NaN,0.263978,NaN
1038787200,0.233577,0.267372,-0.033796
1038873600,NaN,0.270766,NaN
1038960000,NaN,0.274160,NaN
1039046400,NaN,0.277554,NaN
1039132800,NaN,0.280948,NaN
1039219200,NaN,0.284343,NaN
1039305600,NaN,0.287737,NaN
1039392000,NaN,0.291131,NaN
1039478400,NaN,0.294525,NaN
1039564800,NaN,0.297919,NaN
1039651200,NaN,0.301313,NaN
1039737600,0.276343,0.304707,-0.028364
1039824000,0.377046,0.308101,0.068945
1039910400,0.267146,0.311495,-0.044349
1039996800,0.274576,0.312086,-0.037510
1040083200,NaN,0.312677,NaN
1040169600,0.262752,0.313268,-0.050515
1040256000,NaN,0.313858,NaN
1040342400,0.272879,0.314449,-0.041570
1040428800,NaN,0.315040,NaN
1040515200,0.229859,0.315631,-0.085772
1040601600,NaN,0.316222,NaN
1040688000,NaN,0.316812,NaN
1040774400,NaN,0.317403,NaN
1040860800,NaN,0.317994,NaN
1040947200,NaN,0.318585,NaN
1041033600,NaN,0.319176,NaN
1041120000,NaN,0.319767,NaN
1041206400,NaN,0.320357,NaN
1041292800,NaN,0.320948,NaN
1041379200,0.301808,0.321539,-0.019731
1041465600,NaN,0.322130,NaN
1041552000,0.401435,0.322721,0.078714
1041638400,0.483649,0.323311,0.160338
1041724800,0.297520,0.323902,-0.026382
1041811200,NaN,0.324493,NaN
1041897600,NaN,0.325084,NaN
1041984000,0.324461,0.325675,-0.001214
1042070400,NaN,0.326266,NaN
1042156800,NaN,0.326856,NaN
1042243200,NaN,0.327447,NaN
1042329600,NaN,0.328038,NaN
1042416000,0.302794,0.328629,-0.025835
1042502400,NaN,0.329220,NaN
1042588800,NaN,0.329811,NaN
1042675200,NaN,0.328965,NaN
1042761600,NaN,0.328120,NaN
1042848000,0.373606,0.327275,0.046331
1042934400,0.345418,0.326430,0.018988
1043020800,0.382295,0.325585,0.056709
1043107200,NaN,0.324740,NaN
1043193600,NaN,0.323895,NaN
1043280000,NaN,0.323050,NaN
1043366400,NaN,0.322205,NaN
1043452800,NaN,0.321360,NaN
1043539200,NaN,0.320515,NaN
1043625600,NaN,0.319670,NaN
1043712000,NaN,0.318825,NaN
1043798400,NaN,0.317980,NaN
1043884800,NaN,0.317135,NaN
1043971200,NaN,0.316290,NaN
1044057600,0.373543,0.315445,0.058098
1044144000,0.292906,0.314600,-0.021693
1044230400,NaN,0.313755,NaN
1044316800,0.365366,0.312910,0.052456
1044403200,NaN,0.312065,NaN
1044489600,NaN,0.311220,NaN
1044576000,NaN,0.310375,NaN
1044662400,NaN,0.309529,NaN
1044748800,NaN,0.308684,NaN
1044835200,NaN,0.307839,NaN
1044921600,0.335037,0.306994,0.028043
1045008000,NaN,0.306149,NaN
1045094400,NaN,0.305304,NaN
1045180800,NaN,0.304459,NaN
1045267200,NaN,0.303614,NaN
1045353600,NaN,0.301638,NaN
1045440000,NaN,0.299663,NaN
1045526400,0.461011,0.297687,0.163324
1045612800,NaN,0.295711,NaN
1045699200,0.466207,0.293735,0.172472
1045785600,NaN,0.291759,NaN
1045872000,NaN,0.289784,NaN
1045958400,0.443707,0.287808,0.155899
1046044800,0.246174,0.285832,-0.039658
1046131200,NaN,0.283856,NaN
1046217600,NaN,0.281881,NaN
1046304000,NaN,0.279905,NaN
1046390400,NaN,0.277929,NaN
1046476800,NaN,0.275953,NaN
1046563200,NaN,0.273977,NaN
1046649600,NaN,0.272002,NaN
1046736000,NaN,0.270026,NaN
1046822400,NaN,0.268050,NaN
1046908800,NaN,0.266074,NaN
1046995200,NaN,0.264098,NaN
1047081600,NaN,0.262123,NaN
1047168000,NaN,0.260147,NaN
1047254400,NaN,0.258171,NaN
1047340800,NaN,0.256195,NaN
1047427200,NaN,0.254220,NaN
1047513600,NaN,0.252244,NaN
1047600000,NaN,0.250268,NaN
1047686400,NaN,0.248292,NaN
1047772800,NaN,0.245184,NaN
1047859200,NaN,0.242075,NaN
1047945600,NaN,0.238967,NaN
1048032000,0.200110,0.235858,-0.035748
1048118400,NaN,0.232750,NaN
1048204800,0.136544,0.229641,-0.093097
1048291200,0.153071,0.226533,-0.073462
1048377600,0.142853,0.223424,-0.080571
1048464000,0.172505,0.220316,-0.047810
1048550400,NaN,0.217207,NaN
1048636800,NaN,0.214099,NaN
1048723200,NaN,0.210990,NaN
1048809600,0.180900,0.207882,-0.026982
1048896000,NaN,0.204773,NaN
1048982400,0.215596,0.201665,0.013932
1049068800,0.198817,0.198556,0.000260
1049155200,NaN,0.195448,NaN
1049241600,NaN,0.192339,NaN
1049328000,0.166237,0.189231,-0.022993
1049414400,NaN,0.186122,NaN
1049500800,NaN,0.183014,NaN
1049587200,NaN,0.179905,NaN
1049673600,NaN,0.176797,NaN
1049760000,NaN,0.173688,NaN
1049846400,NaN,0.170580,NaN
1049932800,NaN,0.167471,NaN
1050019200,NaN,0.164363,NaN
1050105600,0.162846,0.161254,0.001592
1050192000,0.121780,0.158146,-0.036365
1050278400,0.120135,0.155037,-0.034902
1050364800,0.100269,0.151929,-0.051659
1050451200,0.130235,0.151091,-0.020856
1050537600,NaN,0.150253,NaN
1050624000,NaN,0.149415,NaN
1050710400,NaN,0.148578,NaN
1050796800,NaN,0.147740,NaN
1050883200,NaN,0.146902,NaN
1050969600,NaN,0.146065,NaN
1051056000,NaN,0.145227,NaN
1051142400,NaN,0.144389,NaN
1051228800,NaN,0.143552,NaN
1051315200,0.176048,0.142714,0.033334
1051401600,NaN,0.141876,NaN
1051488000,NaN,0.141039,NaN
1051574400,NaN,0.140201,NaN
1051660800,0.138851,0.139363,-0.000512
1051747200,NaN,0.138526,NaN
1051833600,NaN,0.137688,NaN
1051920000,NaN,0.136850,NaN
1052006400,NaN,0.136013,NaN
1052092800,NaN,0.135175,NaN
1052179200,NaN,0.134337,NaN
1052265600,NaN,0.133499,NaN
1052352000,0.117394,0.132662,-0.015268
1052438400,NaN,0.131824,NaN
1052524800,NaN,0.130986,NaN
1052611200,NaN,0.130149,NaN
1052697600,NaN,0.129311,NaN
1052784000,NaN,0.128473,NaN
1052870400,NaN,0.127636,NaN
1052956800,NaN,0.126798,NaN
1053043200,0.114371,0.127595,-0.013224
1053129600,NaN,0.128391,NaN
1053216000,NaN,0.129188,NaN
1053302400,NaN,0.129984,NaN
1053388800,NaN,0.130781,NaN
1053475200,NaN,0.131577,NaN
1053561600,NaN,0.132374,NaN
1053648000,0.145116,0.133170,0.011946
1053734400,NaN,0.133967,NaN
1053820800,NaN,0.134763,NaN
1053907200,NaN,0.135560,NaN
1053993600,NaN,0.136356,NaN
1054080000,NaN,0.137153,NaN
1054166400,NaN,0.137949,NaN
1054252800,0.160220,0.138746,0.021474
1054339200,0.125627,0.139542,-0.013915
1054425600,NaN,0.140339,NaN
1054512000,NaN,0.141135,NaN
1054598400,0.137701,0.141932,-0.004231
1054684800,NaN,0.142728,NaN
1054771200,NaN,0.143525,NaN
1054857600,NaN,0.144321,NaN
1054944000,NaN,0.145117,NaN
1055030400,0.158398,0.145914,0.012484
1055116800,NaN,0.146710,NaN
1055203200,NaN,0.147507,NaN
1055289600,NaN,0.148303,NaN
1055376000,NaN,0.149100,NaN
1055462400,NaN,0.149896,NaN
1055548800,NaN,0.150693,NaN
1055635200,NaN,0.151489,NaN
1055721600,NaN,0.156499,NaN
1055808000,NaN,0.161508,NaN
1055894400,NaN,0.166517,NaN
1055980800,NaN,0.171526,NaN
1056067200,NaN,0.176535,NaN
1056153600,NaN,0.181544,NaN
1056240000,0.168141,0.186553,-0.018412
1056326400,NaN,0.191562,NaN
1056412800,NaN,0.196571,NaN
1056499200,NaN,0.201580,NaN
1056585600,NaN,0.206589,NaN
1056672000,NaN,0.211598,NaN
1056758400,NaN,0.216607,NaN
1056844800,NaN,0.221616,NaN
1056931200,NaN,0.226625,NaN
1057017600,NaN,0.231634,NaN
1057104000,NaN,0.236643,NaN
1057190400,NaN,0.241653,NaN
1057276800,NaN,0.246662,NaN
1057363200,NaN,0.251671,NaN
1057449600,NaN,0.256680,NaN
1057536000,NaN,0.261689,NaN
1057622400,NaN,0.266698,NaN
1057708800,NaN,0.271707,NaN
1057795200,NaN,0.276716,NaN
1057881600,NaN,0.281725,NaN
1057968000,0.245906,0.286734,-0.040828
1058054400,NaN,0.291743,NaN
1058140800,NaN,0.296752,NaN
1058227200,NaN,0.301761,NaN
1058313600,NaN,0.298732,NaN
1058400000,NaN,0.295703,NaN
1058486400,NaN,0.292674,NaN
1058572800,0.127579,0.289645,-0.162066
1058659200,0.238368,0.286616,-0.048247
1058745600,0.206667,0.283586,-0.076920
1058832000,NaN,0.280557,NaN
1058918400,NaN,0.277528,NaN
1059004800,NaN,0.274499,NaN
1059091200,NaN,0.271470,NaN
1059177600,NaN,0.268441,NaN
1059264000,NaN,0.265412,NaN
1059350400,0.111726,0.262383,-0.150657
1059436800,NaN,0.259353,NaN
1059523200,NaN,0.256324,NaN
1059609600,NaN,0.253295,NaN
1059696000,NaN,0.250266,NaN
1059782400,0.189022,0.247237,-0.058215
1059868800,NaN,0.244208,NaN
1059955200,NaN,0.241179,NaN
1060041600,NaN,0.238150,NaN
1060128000,NaN,0.235120,NaN
1060214400,NaN,0.232091,NaN
1060300800,NaN,0.229062,NaN
1060387200,NaN,0.226033,NaN
1060473600,NaN,0.223004,NaN
1060560000,NaN,0.219975,NaN
1060646400,NaN,0.216946,NaN
1060732800,NaN,0.213917,NaN
1060819200,NaN,0.210887,NaN
1060905600,NaN,0.207858,NaN
1060992000,NaN,0.205716,NaN
1061078400,NaN,0.203573,NaN
1061164800,NaN,0.201431,NaN
1061251200,0.380841,0.199288,0.181552
1061337600,NaN,0.197146,NaN
1061424000,0.228435,0.195003,0.033432
1061510400,NaN,0.192861,NaN
1061596800,NaN,0.190718,NaN
1061683200,NaN,0.188576,NaN
1061769600,0.402666,0.186433,0.216233
1061856000,NaN,0.184291,NaN
1061942400,NaN,0.182148,NaN
1062028800,NaN,0.180006,NaN
1062115200,0.238062,0.177863,0.060198
1062201600,NaN,0.175721,NaN
1062288000,NaN,0.173578,NaN
1062374400,NaN,0.171436,NaN
1062460800,NaN,0.169293,NaN
1062547200,0.230064,0.167151,0.062913
1062633600,NaN,0.165008,NaN
1062720000,NaN,0.162866,NaN
1062806400,NaN,0.160723,NaN
1062892800,0.560064,0.158581,0.401484
1062979200,NaN,0.156438,NaN
1063065600,NaN,0.154295,NaN
1063152000,0.535721,0.152153,0.383568
1063238400,0.412568,0.150010,0.262557
1063324800,NaN,0.147868,NaN
1063411200,NaN,0.145725,NaN
1063497600,NaN,0.143583,NaN
1063584000,NaN,0.141440,NaN
1063670400,0.245651,0.142435,0.103216
1063756800,0.251107,0.143429,0.107678
1063843200,NaN,0.144423,NaN
1063929600,NaN,0.145418,NaN
1064016000,NaN,0.146412,NaN
1064102400,NaN,0.147406,NaN
1064188800,NaN,0.148401,NaN
1064275200,NaN,0.149395,NaN
1064361600,NaN,0.150389,NaN
1064448000,NaN,0.151384,NaN
1064534400,NaN,0.152378,NaN
1064707200,NaN,0.154367,NaN
1064793600,NaN,0.155361,NaN
1064880000,NaN,0.156355,NaN
1064966400,NaN,0.157350,NaN
1065052800,NaN,0.158344,NaN
1065139200,NaN,0.159338,NaN
1065225600,NaN,0.160333,NaN
1065312000,NaN,0.161327,NaN
1065398400,NaN,0.162321,NaN
1065484800,NaN,0.163316,NaN
1065571200,NaN,0.164310,NaN
1065657600,NaN,0.165304,NaN
1065744000,NaN,0.166299,NaN
1065830400,NaN,0.167293,NaN
1065916800,NaN,0.168287,NaN
1066003200,0.126925,0.169282,-0.042357
1066089600,NaN,0.170276,NaN
1066176000,NaN,0.171270,NaN
1066262400,NaN,0.172509,NaN
1066348800,0.132054,0.173748,-0.041694
1066435200,NaN,0.174987,NaN
1066521600,0.148344,0.176226,-0.027881
1066608000,NaN,0.177464,NaN
1066694400,0.149088,0.178703,-0.029615
1066780800,0.167536,0.179942,-0.012406
1066867200,NaN,0.181181,NaN
1066953600,NaN,0.182420,NaN
1067040000,NaN,0.183658,NaN
1067126400,NaN,0.184897,NaN
1067212800,NaN,0.186136,NaN
1067299200,0.208815,0.187375,0.021440
1067558400,0.133794,0.191091,-0.057297
1067644800,0.143830,0.192330,-0.048500
1067731200,NaN,0.193569,NaN
1067817600,NaN,0.194808,NaN
1067904000,0.142903,0.196046,-0.053143
1067990400,NaN,0.197285,NaN
1068076800,NaN,0.198524,NaN
1068163200,NaN,0.199763,NaN
1068249600,NaN,0.201002,NaN
1068336000,NaN,0.202240,NaN
1068422400,0.155622,0.203479,-0.047857
1068508800,NaN,0.204718,NaN
1068595200,0.196928,0.205957,-0.009028
1068681600,NaN,0.207196,NaN
1068768000,NaN,0.208434,NaN
1068940800,NaN,0.213067,NaN
1069027200,NaN,0.216461,NaN
1069113600,NaN,0.219855,NaN
1069200000,NaN,0.223249,NaN
1069286400,0.463883,0.226643,0.237240
1069372800,NaN,0.230037,NaN
1069459200,0.241531,0.233432,0.008099
1069545600,0.207377,0.236826,-0.029449
1069632000,0.311752,0.240220,0.071532
1069718400,NaN,0.243614,NaN
1069804800,NaN,0.247008,NaN
1069891200,NaN,0.250402,NaN
1069977600,NaN,0.253796,NaN
1070064000,NaN,0.257190,NaN
1070150400,NaN,0.260584,NaN
1070323200,NaN,0.267372,NaN
1070409600,NaN,0.270766,NaN
1070496000,NaN,0.274160,NaN
1070582400,0.343172,0.277554,0.065618
1070668800,NaN,0.280948,NaN
1070755200,NaN,0.284343,NaN
1070841600,0.183132,0.287737,-0.104604
1070928000,NaN,0.291131,NaN
1071014400,0.374953,0.294525,0.080428
1071100800,NaN,0.297919,NaN
1071187200,NaN,0.301313,NaN
1071273600,NaN,0.304707,NaN
1071360000,0.393864,0.308101,0.085763
1071446400,0.306066,0.311495,-0.005429
1071532800,NaN,0.312086,NaN
1071619200,0.364031,0.312677,0.051354
1071705600,0.348579,0.313268,0.035311
1071792000,0.408796,0.313858,0.094938
1071878400,0.401053,0.314449,0.086604
1071964800,0.294679,0.315040,-0.020361
1072051200,NaN,0.315631,NaN
1072137600,NaN,0.316222,NaN
1072224000,0.348499,0.316812,0.031686
1072310400,NaN,0.317403,NaN
1072396800,NaN,0.317994,NaN
1072483200,0.354953,0.318585,0.036368
1072569600,0.477662,0.319176,0.158486
1072656000,NaN,0.319767,NaN
1072742400,NaN,0.320357,NaN
1072828800,NaN,0.320948,NaN
1072915200,NaN,0.321539,NaN
1073001600,NaN,0.322130,NaN
1073088000,NaN,0.322721,NaN
1073174400,NaN,0.323311,NaN
1073260800,NaN,0.323902,NaN
1073347200,NaN,0.324493,NaN
1073433600,NaN,0.325084,NaN
1073520000,NaN,0.325675,NaN
1073606400,0.404288,0.326266,0.078022
1073692800,NaN,0.326856,NaN
1073779200,NaN,0.327447,NaN
1073865600,NaN,0.328038,NaN
1073952000,NaN,0.328629,NaN
1074038400,NaN,0.329220,NaN
1074124800,0.217759,0.329811,-0.112052
1074211200,NaN,0.328965,NaN
1074297600,NaN,0.328120,NaN
1074384000,NaN,0.327275,NaN
1074470400,NaN,0.326430,NaN
1074556800,NaN,0.325585,NaN
1074643200,0.267319,0.324740,-0.057421
1074729600,0.305199,0.323895,-0.018696
1074816000,NaN,0.323050,NaN
1074902400,NaN,0.322205,NaN
1074988800,NaN,0.321360,NaN
1075075200,NaN,0.320515,NaN
1075161600,0.418545,0.319670,0.098875
1075248000,0.391051,0.318825,0.072226
1075334400,NaN,0.317980,NaN
1075420800,NaN,0.317135,NaN
1075507200,NaN,0.316290,NaN
1075593600,NaN,0.315445,NaN
1075680000,NaN,0.314600,NaN
1075766400,NaN,0.313755,NaN
1075852800,NaN,0.312910,NaN
1075939200,NaN,0.312065,NaN
1076025600,NaN,0.311220,NaN
1076112000,0.371324,0.310375,0.060950
1076198400,NaN,0.309529,NaN
1076284800,NaN,0.308684,NaN
1076371200,NaN,0.307839,NaN
1076457600,NaN,0.306994,NaN
1076544000,NaN,0.306149,NaN
1076630400,NaN,0.305304,NaN
1076716800,NaN,0.304459,NaN
1076803200,NaN,0.303614,NaN
1076889600,0.335690,0.301638,0.034052
1076976000,0.224998,0.299663,-0.074664
1077062400,0.485727,0.297687,0.188040
1077148800,NaN,0.295711,NaN
1077235200,NaN,0.293735,NaN
1077321600,NaN,0.291759,NaN
1077408000,NaN,0.289784,NaN
1077494400,NaN,0.287808,NaN
1077580800,NaN,0.285832,NaN
1077667200,NaN,0.283856,NaN
1077753600,NaN,0.281881,NaN
1077840000,NaN,0.279905,NaN
1077926400,NaN,0.277929,NaN
1078012800,NaN,0.275953,NaN
1078099200,NaN,0.273977,NaN
1078185600,NaN,0.272002,NaN
1078272000,NaN,0.270026,NaN
1078358400,NaN,0.268050,NaN
1078444800,NaN,0.266074,NaN
1078531200,NaN,0.264098,NaN
1078617600,NaN,0.262123,NaN
1078704000,0.268861,0.260147,0.008715
1078790400,0.211426,0.258171,-0.046745
1078876800,0.235338,0.256195,-0.020857
1078963200,NaN,0.254220,NaN
1079049600,NaN,0.252244,NaN
1079136000,NaN,0.250268,NaN
1079222400,NaN,0.248292,NaN
1079308800,NaN,0.245184,NaN
1079395200,NaN,0.242075,NaN
1079481600,0.200200,0.238967,-0.038767
1079568000,NaN,0.235858,NaN
1079654400,NaN,0.232750,NaN
1079740800,0.183052,0.229641,-0.046589
1079827200,0.138157,0.226533,-0.088376
1079913600,NaN,0.223424,NaN
1080000000,NaN,0.220316,NaN
1080086400,NaN,0.217207,NaN
1080172800,NaN,0.214099,NaN
1080259200,NaN,0.210990,NaN
1080345600,0.146454,0.207882,-0.061427
1080432000,NaN,0.204773,NaN
1080518400,NaN,0.201665,NaN
1080604800,NaN,0.198556,NaN
1080691200,0.147996,0.195448,-0.047452
1080777600,0.133561,0.192339,-0.058778
1080864000,NaN,0.189231,NaN
1080950400,NaN,0.186122,NaN
1081036800,NaN,0.183014,NaN
1081123200,NaN,0.179905,NaN
1081209600,NaN,0.176797,NaN
1081296000,0.153230,0.173688,-0.020458
1081382400,0.148447,0.170580,-0.022133
1081468800,0.139965,0.167471,-0.027506
1081555200,0.138638,0.164363,-0.025725
1081641600,NaN,0.161254,NaN
1081728000,NaN,0.158146,NaN
1081814400,NaN,0.155037,NaN
1081900800,0.172828,0.151929,0.020900
1081987200,0.150065,0.151091,-0.001026
1082073600,0.131681,0.150253,-0.018572
1082160000,NaN,0.149415,NaN
1082246400,0.142306,0.148578,-0.006272
1082332800,0.212891,0.147740,0.065151
1082419200,NaN,0.146902,NaN
1082505600,NaN,0.146065,NaN
1082592000,NaN,0.145227,NaN
1082678400,NaN,0.144389,NaN
1082764800,NaN,0.143552,NaN
1082851200,NaN,0.142714,NaN
1082937600,NaN,0.141876,NaN
1083024000,NaN,0.141039,NaN
1083110400,NaN,0.140201,NaN
1083196800,NaN,0.139363,NaN
1083283200,NaN,0.138526,NaN
1083369600,NaN,0.137688,NaN
1083456000,NaN,0.136850,NaN
1083542400,0.140309,0.136013,0.004296
1083628800,0.119176,0.135175,-0.015998
1083715200,NaN,0.134337,NaN
1083801600,NaN,0.133499,NaN
1083888000,0.145831,0.132662,0.013169
1083974400,NaN,0.131824,NaN
1084060800,NaN,0.130986,NaN
1084147200,NaN,0.130149,NaN
1084233600,0.129829,0.129311,0.000518
1084320000,NaN,0.128473,NaN
1084406400,NaN,0.127636,NaN
1084492800,NaN,0.126798,NaN
1084579200,NaN,0.127595,NaN
1084665600,NaN,0.128391,NaN
1084752000,NaN,0.129188,NaN
1084838400,0.088102,0.129984,-0.041882
1084924800,0.093288,0.130781,-0.037493
1085011200,0.097552,0.131577,-0.034025
1085097600,NaN,0.132374,NaN
1085184000,NaN,0.133170,NaN
1085270400,NaN,0.133967,NaN
1085356800,NaN,0.134763,NaN
1085443200,NaN,0.135560,NaN
1085529600,NaN,0.136356,NaN
1085616000,0.072294,0.137153,-0.064858
1085702400,0.075199,0.137949,-0.062750
1085788800,NaN,0.138746,NaN
1085875200,0.089810,0.139542,-0.049732
1085961600,NaN,0.140339,NaN
1086048000,NaN,0.141135,NaN
1086134400,NaN,0.141932,NaN
1086220800,0.087981,0.142728,-0.054747
1086307200,NaN,0.143525,NaN
1086393600,NaN,0.144321,NaN
1086480000,NaN,0.145117,NaN
1086566400,NaN,0.145914,NaN
1086652800,NaN,0.146710,NaN
1086739200,NaN,0.147507,NaN
1086825600,0.081091,0.148303,-0.067213
1086912000,0.078359,0.149100,-0.070741
1086998400,NaN,0.149896,NaN
1087084800,NaN,0.150693,NaN
1087171200,NaN,0.151489,NaN
1087257600,0.091585,0.156499,-0.064914
1087344000,NaN,0.161508,NaN
1087430400,NaN,0.166517,NaN
1087516800,0.095650,0.171526,-0.075876
1087603200,0.101531,0.176535,-0.075004
1087689600,NaN,0.181544,NaN
1087776000,0.086335,0.186553,-0.100218
1087862400,NaN,0.191562,NaN
1087948800,NaN,0.196571,NaN
1088035200,NaN,0.201580,NaN
1088121600,NaN,0.206589,NaN
1088208000,NaN,0.211598,NaN
1088294400,NaN,0.216607,NaN
1088380800,0.103705,0.221616,-0.117911
1088467200,NaN,0.226625,NaN
1088553600,NaN,0.231634,NaN
1088640000,NaN,0.236643,NaN
1088726400,NaN,0.241653,NaN
1088812800,NaN,0.246662,NaN
1088899200,0.154896,0.251671,-0.096774
1088985600,0.181845,0.256680,-0.074835
1089072000,NaN,0.261689,NaN
1089158400,NaN,0.266698,NaN
1089244800,NaN,0.271707,NaN
1089331200,NaN,0.276716,NaN
1089417600,NaN,0.281725,NaN
1089504000,NaN,0.286734,NaN
1089590400,0.377129,0.291743,0.085386
1089676800,NaN,0.296752,NaN
1089763200,NaN,0.301761,NaN
1089849600,NaN,0.298732,NaN
1089936000,NaN,0.295703,NaN
1090022400,NaN,0.292674,NaN
1090108800,NaN,0.289645,NaN
1090195200,NaN,0.286616,NaN
1090281600,NaN,0.283586,NaN
1090368000,NaN,0.280557,NaN
1090454400,3.056607,0.277528,2.779079
1090540800,NaN,0.274499,NaN
1090627200,NaN,0.271470,NaN
1090713600,NaN,0.268441,NaN
1090800000,NaN,0.265412,NaN
1090886400,NaN,0.262383,NaN
1090972800,1.607024,0.259353,1.347671
1091059200,NaN,0.256324,NaN
1091145600,1.912473,0.253295,1.659177
1091232000,NaN,0.250266,NaN
1091318400,NaN,0.247237,NaN
1091404800,NaN,0.244208,NaN
1091491200,NaN,0.241179,NaN
1091577600,NaN,0.238150,NaN
1091664000,NaN,0.235120,NaN
1091750400,NaN,0.232091,NaN
1091836800,NaN,0.229062,NaN
1091923200,NaN,0.226033,NaN
1092009600,NaN,0.223004,NaN
1092096000,NaN,0.219975,NaN
1092182400,NaN,0.216946,NaN
1092268800,NaN,0.213917,NaN
1092355200,0.556791,0.210887,0.345903
1092441600,NaN,0.207858,NaN
1092528000,0.302864,0.205716,0.097148
1092614400,NaN,0.203573,NaN
1092700800,NaN,0.201431,NaN
1092787200,0.364388,0.199288,0.165100
1092873600,NaN,0.197146,NaN
1092960000,NaN,0.195003,NaN
1093046400,NaN,0.192861,NaN
1093132800,0.328244,0.190718,0.137526
1093219200,0.217526,0.188576,0.028950
1093305600,0.215760,0.186433,0.029327
1093392000,NaN,0.184291,NaN
1093478400,NaN,0.182148,NaN
1093564800,NaN,0.180006,NaN
1093651200,0.152562,0.177863,-0.025301
1093737600,NaN,0.175721,NaN
1093824000,NaN,0.173578,NaN
1093910400,NaN,0.171436,NaN
1093996800,NaN,0.169293,NaN
1094083200,NaN,0.167151,NaN
1094169600,NaN,0.165008,NaN
1094256000,NaN,0.162866,NaN
1094342400,0.102145,0.160723,-0.058578
1094428800,0.094701,0.158581,-0.063880
1094515200,0.084328,0.156438,-0.072110
1094601600,NaN,0.154295,NaN
1094688000,NaN,0.152153,NaN
1094774400,NaN,0.150010,NaN
1094860800,NaN,0.147868,NaN
1094947200,NaN,0.145725,NaN
1095033600,NaN,0.143583,NaN
1095120000,NaN,0.141440,NaN
1095206400,NaN,0.142435,NaN
1095292800,0.088034,0.143429,-0.055395
1095379200,0.089456,0.144423,-0.054967
1095465600,0.093690,0.145418,-0.051728
1095552000,NaN,0.146412,NaN
1095638400,NaN,0.147406,NaN
1095724800,NaN,0.148401,NaN
1095811200,NaN,0.149395,NaN
1095897600,NaN,0.150389,NaN
1095984000,NaN,0.151384,NaN
1096070400,NaN,0.152378,NaN
1096156800,0.071110,0.153372,-0.082262
1096243200,NaN,0.154367,NaN
1096329600,NaN,0.155361,NaN
1096416000,0.095280,0.156355,-0.061076
1096502400,0.082930,0.157350,-0.074419
1096588800,NaN,0.158344,NaN
1096675200,NaN,0.159338,NaN
1096761600,NaN,0.160333,NaN
1096848000,NaN,0.161327,NaN
1096934400,NaN,0.162321,NaN
1097020800,NaN,0.163316,NaN
1097107200,NaN,0.164310,NaN
1097193600,NaN,0.165304,NaN
1097280000,NaN,0.166299,NaN
1097366400,NaN,0.167293,NaN
1097452800,NaN,0.168287,NaN
1097539200,NaN,0.169282,NaN
1097625600,0.208880,0.170276,0.038604
1097712000,NaN,0.171270,NaN
1097798400,0.213206,0.172509,0.040697
1097884800,0.226556,0.173748,0.052809
1097971200,NaN,0.174987,NaN
1098057600,NaN,0.176226,NaN
1098144000,NaN,0.177464,NaN
1098230400,NaN,0.178703,NaN
1098316800,NaN,0.179942,NaN
1098403200,0.140246,0.181181,-0.040935
1098489600,0.125504,0.182420,-0.056916
1098576000,0.111025,0.183658,-0.072633
1098662400,NaN,0.184897,NaN
1098748800,NaN,0.186136,NaN
1098835200,0.149953,0.187375,-0.037422
1098921600,NaN,0.188614,NaN
1099008000,NaN,0.189852,NaN
1099094400,0.132028,0.191091,-0.059063
1099180800,NaN,0.192330,NaN
1099267200,0.146081,0.193569,-0.047487
1099353600,NaN,0.194808,NaN
1099440000,NaN,0.196046,NaN
1099526400,0.168460,0.197285,-0.028826
1099612800,0.162277,0.198524,-0.036247
1099699200,0.141690,0.199763,-0.058073
1099785600,NaN,0.201002,NaN
1099872000,NaN,0.202240,NaN
1099958400,NaN,0.203479,NaN
1100044800,NaN,0.204718,NaN
1100131200,NaN,0.205957,NaN
1100217600,NaN,0.207196,NaN
1100304000,NaN,0.208434,NaN
1100390400,NaN,0.209673,NaN
1100476800,NaN,0.213067,NaN
1100563200,NaN,0.216461,NaN
1100649600,NaN,0.219855,NaN
1100736000,NaN,0.223249,NaN
1100822400,NaN,0.226643,NaN
1100908800,NaN,0.230037,NaN
1100995200,NaN,0.233432,NaN
1101081600,NaN,0.236826,NaN
1101168000,NaN,0.240220,NaN
1101254400,NaN,0.243614,NaN
1101340800,0.249604,0.247008,0.002597
1101427200,NaN,0.250402,NaN
1101513600,NaN,0.253796,NaN
1101600000,0.414988,0.257190,0.157798
1101686400,NaN,0.260584,NaN
1101772800,NaN,0.263978,NaN
1101859200,NaN,0.267372,NaN
1101945600,NaN,0.270766,NaN
1102032000,NaN,0.274160,NaN
1102118400,NaN,0.277554,NaN
1102204800,NaN,0.280948,NaN
1102291200,NaN,0.284343,NaN
1102377600,NaN,0.287737,NaN
1102464000,NaN,0.291131,NaN
1102550400,NaN,0.294525,NaN
1102636800,0.254530,0.297919,-0.043389
1102723200,0.279082,0.301313,-0.022231
1102809600,0.234296,0.304707,-0.070411
1102896000,NaN,0.308101,NaN
1102982400,0.298957,0.311495,-0.012538
1103068800,NaN,0.312067,NaN
1103155200,NaN,0.312640,NaN
1103241600,NaN,0.313212,NaN
1103328000,NaN,0.313784,NaN
1103414400,0.507849,0.314357,0.193492
1103500800,0.512045,0.314929,0.197116
1103587200,NaN,0.315502,NaN
1103673600,NaN,0.316074,NaN
1103760000,NaN,0.316646,NaN
1103846400,NaN,0.317219,NaN
1103932800,NaN,0.317791,NaN
1104019200,0.287146,0.318363,-0.031217
1104105600,NaN,0.318936,NaN
1104192000,0.280444,0.319508,-0.039064
1104278400,NaN,0.320080,NaN
1104364800,0.326910,0.320653,0.006257
1104451200,NaN,0.321225,NaN
1104537600,0.307993,0.321797,-0.013804
1104624000,NaN,0.322370,NaN
1104710400,NaN,0.322942,NaN
1104796800,NaN,0.323515,NaN
1104883200,0.210614,0.324087,-0.113473
1104969600,NaN,0.324659,NaN
1105056000,NaN,0.325232,NaN
1105142400,NaN,0.325804,NaN
1105228800,NaN,0.326376,NaN
1105315200,NaN,0.326949,NaN
1105401600,NaN,0.327521,NaN
1105488000,NaN,0.328093,NaN
1105574400,NaN,0.328666,NaN
1105660800,NaN,0.329238,NaN
1105747200,NaN,0.329811,NaN
1105833600,NaN,0.328965,NaN
1105920000,0.198016,0.328120,-0.130104
1106006400,NaN,0.327275,NaN
1106092800,NaN,0.326430,NaN
1106179200,NaN,0.325585,NaN
1106265600,NaN,0.324740,NaN
1106352000,NaN,0.323895,NaN
1106438400,NaN,0.323050,NaN
1106524800,0.232800,0.322205,-0.089405
1106611200,NaN,0.321360,NaN
1106697600,0.270504,0.320515,-0.050011
1106784000,NaN,0.319670,NaN
1106870400,NaN,0.318825,NaN
1106956800,0.198835,0.317980,-0.119145
1107043200,NaN,0.317135,NaN
1107129600,NaN,0.316290,NaN
1107216000,NaN,0.315445,NaN
1107302400,NaN,0.314600,NaN
1107388800,NaN,0.313755,NaN
1107475200,NaN,0.312910,NaN
1107561600,NaN,0.312065,NaN
1107648000,NaN,0.311220,NaN
1107734400,NaN,0.310375,NaN
1107820800,NaN,0.309529,NaN
1107907200,NaN,0.308684,NaN
1107993600,0.638776,0.307839,0.330936
1108080000,0.354894,0.306994,0.047900
1108166400,NaN,0.306149,NaN
1108252800,NaN,0.305304,NaN
1108339200,NaN,0.304459,NaN
1108425600,NaN,0.303614,NaN
1108512000,NaN,0.301638,NaN
1108598400,NaN,0.299663,NaN
1108684800,NaN,0.297687,NaN
1108771200,NaN,0.295711,NaN
1108857600,NaN,0.293735,NaN
1108944000,NaN,0.291759,NaN
1109030400,NaN,0.289784,NaN
1109116800,NaN,0.287808,NaN
1109203200,NaN,0.285832,NaN
1109289600,NaN,0.283856,NaN
1109376000,NaN,0.281881,NaN
1109462400,NaN,0.279905,NaN
1109548800,0.272977,0.277929,-0.004952
1109635200,NaN,0.275953,NaN
1109721600,NaN,0.273977,NaN
1109808000,NaN,0.272002,NaN
1109894400,0.245772,0.270026,-0.024253
1109980800,NaN,0.268050,NaN
1110067200,NaN,0.266074,NaN
1110153600,NaN,0.264098,NaN
1110240000,0.210526,0.262123,-0.051597
1110326400,0.228965,0.260147,-0.031182
1110412800,0.219502,0.258171,-0.038669
1110499200,0.242314,0.256195,-0.013881
1110585600,0.232661,0.254220,-0.021558
1110672000,NaN,0.252244,NaN
1110758400,NaN,0.250268,NaN
1110844800,NaN,0.248292,NaN
1110931200,NaN,0.245184,NaN
1111017600,NaN,0.242075,NaN
1111104000,0.233455,0.238967,-0.005512
1111190400,NaN,0.235858,NaN
1111276800,NaN,0.232750,NaN
1111363200,NaN,0.229641,NaN
1111449600,NaN,0.226533,NaN
1111536000,0.175667,0.223424,-0.047757
1111622400,NaN,0.220316,NaN
1111708800,NaN,0.217207,NaN
1111795200,NaN,0.214099,NaN
1111881600,NaN,0.210990,NaN
1111968000,0.215271,0.207882,0.007389
1112054400,NaN,0.204773,NaN
1112140800,NaN,0.201665,NaN
1112227200,NaN,0.198556,NaN
1112313600,0.205002,0.195448,0.009555
1112400000,0.275861,0.192339,0.083522
1112486400,0.265963,0.189231,0.076733
1112572800,NaN,0.186122,NaN
1112659200,NaN,0.183014,NaN
1112745600,NaN,0.179905,NaN
1112832000,NaN,0.176797,NaN
1112918400,0.184449,0.173688,0.010761
1113004800,NaN,0.170580,NaN
1113091200,NaN,0.167471,NaN
1113177600,NaN,0.164363,NaN
1113264000,0.173338,0.161254,0.012084
1113350400,0.181880,0.158146,0.023734
1113436800,NaN,0.155037,NaN
1113523200,NaN,0.151929,NaN
1113609600,NaN,0.151091,NaN
1113696000,0.127672,0.150253,-0.022581
1113782400,NaN,0.149415,NaN
1113868800,NaN,0.148578,NaN
1113955200,NaN,0.147740,NaN
1114041600,0.112597,0.146902,-0.034305
1114128000,NaN,0.146065,NaN
1114214400,NaN,0.145227,NaN
1114300800,NaN,0.144389,NaN
1114387200,NaN,0.143552,NaN
1114473600,NaN,0.142714,NaN
1114560000,0.111628,0.141876,-0.030248
1114646400,0.098403,0.141039,-0.042636
1114732800,NaN,0.140201,NaN
1114819200,NaN,0.139363,NaN
1114905600,NaN,0.138526,NaN
1114992000,NaN,0.137688,NaN
1115078400,NaN,0.136850,NaN
1115164800,NaN,0.136013,NaN
1115251200,0.089019,0.135175,-0.046156
1115337600,0.075168,0.134337,-0.059169
1115424000,NaN,0.133499,NaN
1115510400,NaN,0.132662,NaN
1115596800,NaN,0.131824,NaN
1115683200,0.084834,0.130986,-0.046152
1115769600,NaN,0.130149,NaN
1115856000,NaN,0.129311,NaN
1115942400,NaN,0.128473,NaN
1116028800,NaN,0.127636,NaN
1116115200,NaN,0.126798,NaN
1116201600,NaN,0.127595,NaN
1116288000,NaN,0.128391,NaN
1116374400,NaN,0.129188,NaN
1116460800,NaN,0.129984,NaN
1116547200,0.087024,0.130781,-0.043757
1116633600,NaN,0.131577,NaN
1116720000,NaN,0.132374,NaN
1116806400,0.076816,0.133170,-0.056354
1116892800,NaN,0.133967,NaN
1116979200,NaN,0.134763,NaN
1117065600,NaN,0.135560,NaN
1117152000,NaN,0.136356,NaN
1117238400,NaN,0.137153,NaN
1117324800,NaN,0.137949,NaN
1117411200,0.180245,0.138746,0.041500
1117497600,NaN,0.139542,NaN
1117584000,NaN,0.140339,NaN
1117670400,0.282938,0.141135,0.141803
1117756800,NaN,0.141932,NaN
1117843200,NaN,0.142728,NaN
1117929600,0.132198,0.143525,-0.011326
1118016000,NaN,0.144321,NaN
1118102400,0.113261,0.145117,-0.031856
1118188800,0.101139,0.145914,-0.044775
1118275200,NaN,0.146710,NaN
1118361600,NaN,0.147507,NaN
1118448000,0.095653,0.148303,-0.052650
1118534400,0.088602,0.149100,-0.060498
1118620800,NaN,0.149896,NaN
1118707200,NaN,0.150693,NaN
1118793600,0.095067,0.151489,-0.056422
1118880000,NaN,0.156499,NaN
1118966400,NaN,0.161508,NaN
1119052800,0.087247,0.166517,-0.079270
1119139200,NaN,0.171526,NaN
1119225600,NaN,0.176535,NaN
1119312000,NaN,0.181544,NaN
1119398400,NaN,0.186553,NaN
1119484800,NaN,0.191562,NaN
1119571200,NaN,0.196571,NaN
1119657600,NaN,0.201580,NaN
1119744000,NaN,0.206589,NaN
1119830400,NaN,0.211598,NaN
1119916800,NaN,0.216607,NaN
1120003200,0.090297,0.221616,-0.131320
1120089600,NaN,0.226625,NaN
1120176000,NaN,0.231634,NaN
1120262400,0.159730,0.236643,-0.076913
1120348800,NaN,0.241653,NaN
1120435200,NaN,0.246662,NaN
1120521600,NaN,0.251671,NaN
1120608000,0.222880,0.256680,-0.033800
1120694400,NaN,0.261689,NaN
1120780800,0.202273,0.266698,-0.064424
1120867200,NaN,0.271707,NaN
1120953600,NaN,0.276716,NaN
1121040000,NaN,0.281725,NaN
1121126400,NaN,0.286734,NaN
1121212800,0.197667,0.291743,-0.094076
1121299200,NaN,0.296752,NaN
1121385600,NaN,0.301761,NaN
1121472000,NaN,0.298732,NaN
1121558400,NaN,0.295703,NaN
1121644800,NaN,0.292674,NaN
1121731200,NaN,0.289645,NaN
1121817600,NaN,0.286616,NaN
1121904000,NaN,0.283586,NaN
1121990400,0.231913,0.280557,-0.048644
1122076800,0.232992,0.277528,-0.044536
1122163200,0.210872,0.274499,-0.063627
1122249600,0.156371,0.271470,-0.115099
1122336000,NaN,0.268441,NaN
1122422400,NaN,0.265412,NaN
1122508800,NaN,0.262383,NaN
1122595200,NaN,0.259353,NaN
1122681600,NaN,0.256324,NaN
1122768000,NaN,0.253295,NaN
1122854400,0.185855,0.250266,-0.064411
1122940800,0.150287,0.247237,-0.096950
1123027200,NaN,0.244208,NaN
1123113600,NaN,0.241179,NaN
1123200000,NaN,0.238150,NaN
1123286400,NaN,0.235120,NaN
1123372800,NaN,0.232091,NaN
1123459200,0.219137,0.229062,-0.009925
1123545600,0.132922,0.226033,-0.093111
1123632000,NaN,0.223004,NaN
1123718400,NaN,0.219975,NaN
1123804800,NaN,0.216946,NaN
1123891200,NaN,0.213917,NaN
1123977600,NaN,0.210887,NaN
1124064000,NaN,0.207858,NaN
1124150400,0.272204,0.205716,0.066489
1124236800,NaN,0.203573,NaN
1124323200,NaN,0.201431,NaN
1124409600,0.110173,0.199288,-0.089115
1124496000,NaN,0.197146,NaN
1124582400,NaN,0.195003,NaN
1124668800,NaN,0.192861,NaN
1124755200,0.228050,0.190718,0.037331
1124841600,NaN,0.188576,NaN
1124928000,NaN,0.186433,NaN
1125014400,NaN,0.184291,NaN
1125100800,NaN,0.182148,NaN
1125187200,NaN,0.180006,NaN
1125273600,NaN,0.177863,NaN
1125360000,NaN,0.175721,NaN
1125446400,NaN,0.173578,NaN
1125532800,0.184805,0.171436,0.013369
1125619200,NaN,0.169293,NaN
1125705600,0.106825,0.167151,-0.060326
1125792000,NaN,0.165008,NaN
1125878400,NaN,0.162866,NaN
1125964800,NaN,0.160723,NaN
1126051200,NaN,0.158581,NaN
1126137600,NaN,0.156438,NaN
1126224000,NaN,0.154295,NaN
1126310400,0.072457,0.152153,-0.079696
1126396800,NaN,0.150010,NaN
1126483200,NaN,0.147868,NaN
1126569600,NaN,0.145725,NaN
1126656000,NaN,0.143583,NaN
1126742400,0.172527,0.141440,0.031087
1126828800,NaN,0.142435,NaN
1126915200,0.225248,0.143429,0.081819
1127001600,NaN,0.144423,NaN
1127088000,NaN,0.145418,NaN
1127174400,NaN,0.146412,NaN
1127260800,NaN,0.147406,NaN
1127347200,NaN,0.148401,NaN
1127433600,NaN,0.149395,NaN
1127520000,NaN,0.150389,NaN
1127606400,0.286645,0.151384,0.135261
1127692800,NaN,0.152378,NaN
1127779200,NaN,0.153372,NaN
1127865600,0.100093,0.154367,-0.054273
1127952000,NaN,0.155361,NaN
1128038400,NaN,0.156355,NaN
1128124800,NaN,0.157350,NaN
1128211200,NaN,0.158344,NaN
1128297600,NaN,0.159338,NaN
1128384000,NaN,0.160333,NaN
1128470400,NaN,0.161327,NaN
1128556800,NaN,0.162321,NaN
1128643200,NaN,0.163316,NaN
1128729600,NaN,0.164310,NaN
1128816000,NaN,0.165304,NaN
1128902400,NaN,0.166299,NaN
1128988800,NaN,0.167293,NaN
1129075200,0.124471,0.168287,-0.043816
1129161600,NaN,0.169282,NaN
1129248000,0.101163,0.170276,-0.069113
1129334400,NaN,0.171270,NaN
1129420800,0.233338,0.172509,0.060829
1129507200,0.175847,0.173748,0.002099
1129593600,0.240228,0.174987,0.065241
1129680000,NaN,0.176226,NaN
1129766400,NaN,0.177464,NaN
1129852800,NaN,0.178703,NaN
1129939200,NaN,0.179942,NaN
1130025600,0.109214,0.181181,-0.071967
1130112000,NaN,0.182420,NaN
1130198400,NaN,0.183658,NaN
1130284800,NaN,0.184897,NaN
1130371200,0.171396,0.186136,-0.014739
1130457600,0.164470,0.187375,-0.022904
1130544000,NaN,0.188614,NaN
1130630400,NaN,0.189852,NaN
1130716800,NaN,0.191091,NaN
1130803200,NaN,0.192330,NaN
1130889600,0.162771,0.193569,-0.030798
1130976000,NaN,0.194808,NaN
1131062400,0.142790,0.196046,-0.053257
1131148800,NaN,0.197285,NaN
1131235200,NaN,0.198524,NaN
1131321600,NaN,0.199763,NaN
1131408000,0.141405,0.201002,-0.059596
1131494400,0.141405,0.202240,-0.060835
1131580800,NaN,0.203479,NaN
1131667200,NaN,0.204718,NaN
1131753600,0.136215,0.205957,-0.069742
1131840000,0.118727,0.207196,-0.088468
1131926400,NaN,0.208434,NaN
1132012800,NaN,0.209673,NaN
1132099200,NaN,0.213067,NaN
1132185600,0.196149,0.216461,-0.020312
1132272000,0.210334,0.219855,-0.009521
1132358400,NaN,0.223249,NaN
1132444800,NaN,0.226643,NaN
1132531200,NaN,0.230037,NaN
1132617600,0.223067,0.233432,-0.010365
1132704000,0.248375,0.236826,0.011549
1132790400,NaN,0.240220,NaN
1132876800,NaN,0.243614,NaN
1132963200,NaN,0.247008,NaN
1133049600,NaN,0.250402,NaN
1133136000,NaN,0.253796,NaN
1133222400,0.235174,0.257190,-0.022016
1133308800,0.252588,0.260584,-0.007996
1133481600,NaN,0.267372,NaN
1133568000,NaN,0.270766,NaN
1133654400,NaN,0.274160,NaN
1133740800,NaN,0.277554,NaN
1133827200,NaN,0.280948,NaN
1133913600,NaN,0.284343,NaN
1134000000,NaN,0.287737,NaN
1134086400,NaN,0.291131,NaN
1134172800,NaN,0.294525,NaN
1134259200,0.339491,0.297919,0.041572
1134345600,0.302407,0.301313,0.001095
1134432000,0.439791,0.304707,0.135084
1134518400,NaN,0.308101,NaN
1134604800,NaN,0.311495,NaN
1134691200,NaN,0.312086,NaN
1134777600,NaN,0.312677,NaN
1134864000,NaN,0.313268,NaN
1134950400,NaN,0.313858,NaN
1135036800,NaN,0.314449,NaN
1135123200,NaN,0.315040,NaN
1135209600,NaN,0.315631,NaN
1135296000,0.359481,0.316222,0.043260
1135382400,NaN,0.316812,NaN
1135468800,0.542288,0.317403,0.224885
1135555200,0.496421,0.317994,0.178427
1135641600,NaN,0.318585,NaN
1135728000,0.533777,0.319176,0.214601
1135900800,NaN,0.320357,NaN
1135987200,0.408621,0.320948,0.087673
1136073600,NaN,0.321539,NaN
1136160000,0.207328,0.322130,-0.114801
1136246400,NaN,0.322721,NaN
1136332800,0.271809,0.323311,-0.051503
1136419200,NaN,0.323902,NaN
1136505600,0.450486,0.324493,0.125993
1136592000,0.439874,0.325084,0.114790
1136678400,NaN,0.325675,NaN
1136764800,0.432768,0.326266,0.106503
1136851200,NaN,0.326856,NaN
1136937600,0.343730,0.327447,0.016283
1137024000,NaN,0.328038,NaN
1137110400,0.379006,0.328629,0.050377
1137196800,0.370901,0.329220,0.041681
1137283200,0.340273,0.329811,0.010463
1137369600,NaN,0.328965,NaN
1137456000,NaN,0.328120,NaN
1137542400,0.347137,0.327275,0.019862
1137628800,NaN,0.326430,NaN
1137715200,NaN,0.325585,NaN
1137801600,NaN,0.324740,NaN
1137888000,NaN,0.323895,NaN
1137974400,NaN,0.323050,NaN
1138060800,NaN,0.322205,NaN
1138147200,0.345123,0.321360,0.023763
1138233600,NaN,0.320515,NaN
1138320000,0.323203,0.319670,0.003533
1138406400,NaN,0.318825,NaN
1138492800,NaN,0.317980,NaN
1138579200,NaN,0.317135,NaN
1138665600,0.339317,0.316290,0.023027
1138752000,NaN,0.315445,NaN
1138838400,NaN,0.314600,NaN
1138924800,0.253208,0.313755,-0.060546
1139011200,NaN,0.312910,NaN
1139097600,0.187828,0.312065,-0.124236
1139184000,NaN,0.311220,NaN
1139270400,0.384233,0.310375,0.073858
1139356800,0.353001,0.309529,0.043471
1139443200,NaN,0.308684,NaN
1139529600,NaN,0.307839,NaN
1139616000,0.447974,0.306994,0.140980
1139702400,NaN,0.306149,NaN
1139788800,0.533847,0.305304,0.228543
1139875200,NaN,0.304459,NaN
1139961600,NaN,0.303614,NaN
1140048000,0.438116,0.301638,0.136478
1140134400,NaN,0.299663,NaN
1140220800,NaN,0.297687,NaN
1140307200,NaN,0.295711,NaN
1140393600,NaN,0.293735,NaN
1140480000,NaN,0.291759,NaN
1140566400,NaN,0.289784,NaN
1140652800,NaN,0.287808,NaN
1140739200,NaN,0.285832,NaN
1140825600,NaN,0.283856,NaN
1140912000,NaN,0.281881,NaN
1140998400,0.347234,0.279905,0.067329
1141084800,0.338682,0.277929,0.060753
1141171200,0.217945,0.275953,-0.058008
1141257600,0.194441,0.273977,-0.079536
1141344000,NaN,0.272002,NaN
1141430400,0.158020,0.270026,-0.112006
1141516800,0.157287,0.268050,-0.110763
1141603200,0.134394,0.266074,-0.131680
1141689600,0.134023,0.264098,-0.130075
1141776000,NaN,0.262123,NaN
1141862400,NaN,0.260147,NaN
1141948800,NaN,0.258171,NaN
1142035200,NaN,0.256195,NaN
1142121600,NaN,0.254220,NaN
1142208000,NaN,0.252244,NaN
1142294400,0.164446,0.250268,-0.085822
1142380800,NaN,0.248292,NaN
1142467200,NaN,0.245184,NaN
1142553600,NaN,0.242075,NaN
1142640000,NaN,0.238967,NaN
1142726400,NaN,0.235858,NaN
1142812800,NaN,0.232750,NaN
1142899200,NaN,0.229641,NaN
1142985600,NaN,0.226533,NaN
1143072000,0.145702,0.223424,-0.077722
1143158400,NaN,0.220316,NaN
1143244800,NaN,0.217207,NaN
1143331200,0.225867,0.214099,0.011769
1143417600,NaN,0.210990,NaN
1143504000,NaN,0.207882,NaN
1143590400,0.130743,0.204773,-0.074030
1143676800,0.155357,0.201665,-0.046308
1143763200,0.134010,0.198556,-0.064546
1143849600,NaN,0.195448,NaN
1143936000,0.132732,0.192339,-0.059607
1144022400,NaN,0.189231,NaN
1144108800,NaN,0.186122,NaN
1144195200,NaN,0.183014,NaN
1144281600,NaN,0.179905,NaN
1144368000,NaN,0.176797,NaN
1144454400,NaN,0.173688,NaN
1144540800,NaN,0.170580,NaN
1144627200,NaN,0.167471,NaN
1144713600,0.089356,0.164363,-0.075007
1144800000,NaN,0.161254,NaN
1144886400,NaN,0.158146,NaN
1144972800,NaN,0.155037,NaN
1145059200,NaN,0.151929,NaN
1145145600,0.080008,0.151091,-0.071083
1145232000,NaN,0.150253,NaN
1145318400,0.089702,0.149415,-0.059713
1145404800,NaN,0.148578,NaN
1145491200,NaN,0.147740,NaN
1145577600,NaN,0.146902,NaN
1145664000,0.080641,0.146065,-0.065424
1145750400,0.075183,0.145227,-0.070044
1145836800,NaN,0.144389,NaN
1145923200,NaN,0.143552,NaN
1146009600,NaN,0.142714,NaN
1146096000,NaN,0.141876,NaN
1146182400,NaN,0.141039,NaN
1146268800,NaN,0.140201,NaN
1146355200,NaN,0.139363,NaN
1146441600,NaN,0.138526,NaN
1146528000,0.081992,0.137688,-0.055696
1146614400,NaN,0.136850,NaN
1146700800,NaN,0.136013,NaN
1146787200,NaN,0.135175,NaN
1146873600,NaN,0.134337,NaN
1146960000,NaN,0.133499,NaN
1147046400,NaN,0.132662,NaN
1147132800,NaN,0.131824,NaN
1147219200,NaN,0.130986,NaN
1147305600,NaN,0.130149,NaN
1147392000,NaN,0.129311,NaN
1147478400,0.131381,0.128473,0.002907
1147564800,NaN,0.127636,NaN
1147651200,NaN,0.126798,NaN
1147737600,0.130628,0.127595,0.003033
1147824000,0.092174,0.128391,-0.036217
1147910400,0.088846,0.129188,-0.040342
1147996800,NaN,0.129984,NaN
1148083200,0.109585,0.130781,-0.021196
1148169600,NaN,0.131577,NaN
1148256000,NaN,0.132374,NaN
1148342400,NaN,0.133170,NaN
1148428800,0.075341,0.133967,-0.058625
1148515200,NaN,0.134763,NaN
1148601600,0.068667,0.135560,-0.066892
1148688000,NaN,0.136356,NaN
1148774400,NaN,0.137153,NaN
1148860800,NaN,0.137949,NaN
1148947200,NaN,0.138746,NaN
1149033600,NaN,0.139542,NaN
1149120000,NaN,0.140339,NaN
1149206400,0.068860,0.141135,-0.072275
1149292800,NaN,0.141932,NaN
1149379200,NaN,0.142728,NaN
1149465600,0.096044,0.143525,-0.047481
1149552000,NaN,0.144321,NaN
1149638400,NaN,0.145117,NaN
1149724800,0.111931,0.145914,-0.033983
1149811200,0.101991,0.146710,-0.044719
1149897600,NaN,0.147507,NaN
1149984000,0.131541,0.148303,-0.016763
1150070400,NaN,0.149100,NaN
1150156800,NaN,0.149896,NaN
1150243200,NaN,0.150693,NaN
1150329600,NaN,0.151489,NaN
1150416000,NaN,0.156499,NaN
1150502400,NaN,0.161508,NaN
1150588800,0.095423,0.166517,-0.071094
1150675200,NaN,0.171526,NaN
1150761600,NaN,0.176535,NaN
1150848000,NaN,0.181544,NaN
1150934400,NaN,0.186553,NaN
1151020800,NaN,0.191562,NaN
1151107200,NaN,0.196571,NaN
1151193600,NaN,0.201580,NaN
1151280000,NaN,0.206589,NaN
1151366400,0.076328,0.211598,-0.135270
1151452800,NaN,0.216607,NaN
1151539200,NaN,0.221616,NaN
1151625600,NaN,0.226625,NaN
1151712000,NaN,0.231634,NaN
1151798400,NaN,0.236643,NaN
1151884800,NaN,0.241653,NaN
1151971200,NaN,0.246662,NaN
1152057600,NaN,0.251671,NaN
1152144000,NaN,0.256680,NaN
1152230400,NaN,0.261689,NaN
1152316800,NaN,0.266698,NaN
1152403200,0.213466,0.271707,-0.058241
1152489600,NaN,0.276716,NaN
1152576000,NaN,0.281725,NaN
1152662400,NaN,0.286734,NaN
1152748800,0.132231,0.291743,-0.159512
1152835200,NaN,0.296752,NaN
1152921600,NaN,0.301761,NaN
1153008000,NaN,0.298732,NaN
1153094400,NaN,0.295703,NaN
1153180800,NaN,0.292674,NaN
1153267200,0.153582,0.289645,-0.136063
1153353600,0.079758,0.286616,-0.206858
1153440000,NaN,0.283586,NaN
1153526400,NaN,0.280557,NaN
1153612800,NaN,0.277528,NaN
1153699200,NaN,0.274499,NaN
1153785600,NaN,0.271470,NaN
1153872000,NaN,0.268441,NaN
1153958400,NaN,0.265412,NaN
1154044800,NaN,0.262383,NaN
1154131200,0.077065,0.259353,-0.182288
1154217600,NaN,0.256324,NaN
1154304000,NaN,0.253295,NaN
1154390400,NaN,0.250266,NaN
1154476800,NaN,0.247237,NaN
1154563200,NaN,0.244208,NaN
1154649600,0.066570,0.241179,-0.174609
1154736000,NaN,0.238150,NaN
1154822400,NaN,0.235120,NaN
1154908800,NaN,0.232091,NaN
1154995200,0.079160,0.229062,-0.149903
1155081600,NaN,0.226033,NaN
1155168000,NaN,0.223004,NaN
1155254400,NaN,0.219975,NaN
1155340800,0.072157,0.216946,-0.144789
1155427200,0.051027,0.213917,-0.162890
1155513600,0.070544,0.210887,-0.140343
1155600000,NaN,0.207858,NaN
1155686400,NaN,0.205716,NaN
1155772800,NaN,0.203573,NaN
1155859200,NaN,0.201431,NaN
1155945600,0.053671,0.199288,-0.145617
1156032000,0.058413,0.197146,-0.138733
1156118400,NaN,0.195003,NaN
1156204800,NaN,0.192861,NaN
1156291200,NaN,0.190718,NaN
1156377600,NaN,0.188576,NaN
1156464000,NaN,0.186433,NaN
1156550400,NaN,0.184291,NaN
1156636800,NaN,0.182148,NaN
1156723200,0.131354,0.180006,-0.048652
1156809600,NaN,0.177863,NaN
1156896000,0.107300,0.175721,-0.068420
1156982400,NaN,0.173578,NaN
1157068800,NaN,0.171436,NaN
1157155200,NaN,0.169293,NaN
1157241600,NaN,0.167151,NaN
1157328000,NaN,0.165008,NaN
1157414400,NaN,0.162866,NaN
1157500800,0.071959,0.160723,-0.088764
1157587200,NaN,0.158581,NaN
1157673600,NaN,0.156438,NaN
1157760000,NaN,0.154295,NaN
1157846400,NaN,0.152153,NaN
1157932800,0.096411,0.150010,-0.053600
1158019200,NaN,0.147868,NaN
1158105600,NaN,0.145725,NaN
1158192000,NaN,0.143583,NaN
1158278400,0.083561,0.141440,-0.057879
1158364800,NaN,0.142435,NaN
1158451200,NaN,0.143429,NaN
1158537600,NaN,0.144423,NaN
1158624000,NaN,0.145418,NaN
1158710400,0.080737,0.146412,-0.065675
1158796800,NaN,0.147406,NaN
1158883200,0.087563,0.148401,-0.060837
1158969600,NaN,0.149395,NaN
1159056000,NaN,0.150389,NaN
1159142400,0.103849,0.151384,-0.047535
1159228800,NaN,0.152378,NaN
1159315200,0.119375,0.153372,-0.033997
1159401600,NaN,0.154367,NaN
1159488000,NaN,0.155361,NaN
1159574400,NaN,0.156355,NaN
1159660800,NaN,0.157350,NaN
1159747200,NaN,0.158344,NaN
1159833600,NaN,0.159338,NaN
1159920000,NaN,0.160333,NaN
1160006400,0.079370,0.161327,-0.081957
1160092800,NaN,0.162321,NaN
1160179200,NaN,0.163316,NaN
1160265600,0.087889,0.164310,-0.076421
1160352000,NaN,0.165304,NaN
1160438400,NaN,0.166299,NaN
1160524800,0.073198,0.167293,-0.094095
1160611200,NaN,0.168287,NaN
1160697600,NaN,0.169282,NaN
1160784000,NaN,0.170276,NaN
1160870400,NaN,0.171270,NaN
1160956800,NaN,0.172509,NaN
1161043200,NaN,0.173748,NaN
1161129600,NaN,0.174987,NaN
1161216000,0.113151,0.176226,-0.063074
1161302400,NaN,0.177464,NaN
1161388800,0.115585,0.178703,-0.063118
1161475200,NaN,0.179942,NaN
1161561600,0.147725,0.181181,-0.033456
1161648000,0.146288,0.182420,-0.036131
1161734400,NaN,0.183658,NaN
1161820800,NaN,0.184897,NaN
1161907200,NaN,0.186136,NaN
1161993600,0.180861,0.187375,-0.006514
1162080000,NaN,0.188614,NaN
1162166400,NaN,0.189852,NaN
1162252800,0.138986,0.191091,-0.052105
1162339200,0.119277,0.192330,-0.073053
1162425600,NaN,0.193569,NaN
1162512000,NaN,0.194808,NaN
1162598400,0.163312,0.196046,-0.032735
1162684800,NaN,0.197285,NaN
1162771200,0.153735,0.198524,-0.044789
1162857600,NaN,0.199763,NaN
1162944000,0.156464,0.201002,-0.044537
1163030400,0.139503,0.202240,-0.062738
1163116800,NaN,0.203479,NaN
1163203200,NaN,0.204718,NaN
1163289600,NaN,0.205957,NaN
1163376000,NaN,0.207196,NaN
1163462400,NaN,0.208434,NaN
1163548800,NaN,0.209673,NaN
1163635200,0.239410,0.213067,0.026343
1163721600,0.263860,0.216461,0.047399
1163808000,0.396471,0.219855,0.176616
1163894400,NaN,0.223249,NaN
1163980800,0.256113,0.226643,0.029470
1164067200,0.278864,0.230037,0.048826
1164153600,0.207787,0.233432,-0.025644
1164240000,0.201728,0.236826,-0.035098
1164326400,0.181230,0.240220,-0.058990
1164412800,0.166101,0.243614,-0.077512
1164499200,NaN,0.247008,NaN
1164585600,NaN,0.250402,NaN
1164672000,0.168268,0.253796,-0.085528
1164758400,NaN,0.257190,NaN
1164844800,NaN,0.260584,NaN
1164931200,NaN,0.263978,NaN
1165017600,0.189286,0.267372,-0.078087
1165104000,NaN,0.270766,NaN
1165190400,0.249335,0.274160,-0.024825
1165276800,NaN,0.277554,NaN
1165363200,NaN,0.280948,NaN
1165449600,NaN,0.284343,NaN
1165536000,NaN,0.287737,NaN
1165622400,NaN,0.291131,NaN
1165708800,NaN,0.294525,NaN
1165795200,0.312618,0.297919,0.014699
1165881600,NaN,0.301313,NaN
1165968000,NaN,0.304707,NaN
1166054400,NaN,0.308101,NaN
1166140800,NaN,0.311495,NaN
1166227200,NaN,0.312086,NaN
1166313600,0.134238,0.312677,-0.178438
1166400000,NaN,0.313268,NaN
1166486400,NaN,0.313858,NaN
1166572800,NaN,0.314449,NaN
1166659200,NaN,0.315040,NaN
1166745600,NaN,0.315631,NaN
1166832000,0.229310,0.316222,-0.086911
1166918400,NaN,0.316812,NaN
1167004800,NaN,0.317403,NaN
1167091200,0.219938,0.317994,-0.098056
1167177600,NaN,0.318585,NaN
1167264000,NaN,0.319176,NaN
1167350400,NaN,0.319767,NaN
1167436800,NaN,0.320357,NaN
1167523200,NaN,0.320948,NaN
1167609600,0.218036,0.321539,-0.103503
1167696000,NaN,0.322130,NaN
1167782400,NaN,0.322721,NaN
1167868800,NaN,0.323311,NaN
1167955200,0.205977,0.323902,-0.117925
1168041600,NaN,0.324493,NaN
1168128000,NaN,0.325084,NaN
1168214400,NaN,0.325675,NaN
1168300800,NaN,0.326266,NaN
1168387200,NaN,0.326856,NaN
1168473600,NaN,0.327447,NaN
1168560000,0.284330,0.328038,-0.043708
1168646400,NaN,0.328629,NaN
1168732800,0.241918,0.329220,-0.087302
1168819200,NaN,0.329811,NaN
1168905600,NaN,0.328965,NaN
1168992000,NaN,0.328120,NaN
1169078400,NaN,0.327275,NaN
1169164800,NaN,0.326430,NaN
1169251200,NaN,0.325585,NaN
1169337600,NaN,0.324740,NaN
1169424000,NaN,0.323895,NaN
1169510400,NaN,0.323050,NaN
1169596800,NaN,0.322205,NaN
1169683200,0.293713,0.321360,-0.027647
1169769600,NaN,0.320515,NaN
1169856000,NaN,0.319670,NaN
1169942400,NaN,0.318825,NaN
1170028800,NaN,0.317980,NaN
1170115200,NaN,0.317135,NaN
1170201600,NaN,0.316290,NaN
1170288000,NaN,0.315445,NaN
1170374400,NaN,0.314600,NaN
1170460800,NaN,0.313755,NaN
1170547200,NaN,0.312910,NaN
1170633600,NaN,0.312065,NaN
1170720000,NaN,0.311220,NaN
1170806400,NaN,0.310375,NaN
1170892800,NaN,0.309529,NaN
1170979200,NaN,0.308684,NaN
1171065600,NaN,0.307839,NaN
1171152000,NaN,0.306994,NaN
1171238400,NaN,0.306149,NaN
1171324800,NaN,0.305304,NaN
1171411200,NaN,0.304459,NaN
1171497600,NaN,0.303614,NaN
1171584000,NaN,0.301638,NaN
1171670400,NaN,0.299663,NaN
1171756800,0.411401,0.297687,0.113714
1171843200,NaN,0.295711,NaN
1171929600,0.403421,0.293735,0.109686
1172016000,NaN,0.291759,NaN
1172102400,0.326445,0.289784,0.036661
1172188800,NaN,0.287808,NaN
1172275200,NaN,0.285832,NaN
1172361600,NaN,0.283856,NaN
1172448000,NaN,0.281881,NaN
1172534400,0.231959,0.279905,-0.047946
1172620800,NaN,0.277929,NaN
1172707200,NaN,0.275953,NaN
1172793600,0.250438,0.273977,-0.023540
1172880000,NaN,0.272002,NaN
1172966400,0.462162,0.270026,0.192136
1173052800,0.431273,0.268050,0.163223
1173139200,0.446795,0.266074,0.180721
1173225600,0.227241,0.264098,-0.036858
1173312000,NaN,0.262123,NaN
1173398400,0.218958,0.260147,-0.041189
1173484800,0.353212,0.258171,0.095041
1173571200,NaN,0.256195,NaN
1173657600,NaN,0.254220,NaN
1173744000,NaN,0.252244,NaN
1173830400,NaN,0.250268,NaN
1173916800,NaN,0.248292,NaN
1174003200,NaN,0.245184,NaN
1174089600,0.268069,0.242075,0.025994
1174176000,NaN,0.238967,NaN
1174262400,NaN,0.235858,NaN
1174348800,NaN,0.232750,NaN
1174435200,NaN,0.229641,NaN
1174521600,0.176849,0.226533,-0.049684
1174608000,NaN,0.223424,NaN
1174694400,0.223623,0.220316,0.003308
1174780800,NaN,0.217207,NaN
1174867200,NaN,0.214099,NaN
1174953600,NaN,0.210990,NaN
1175040000,NaN,0.207882,NaN
1175126400,NaN,0.204773,NaN
1175212800,NaN,0.201665,NaN
1175299200,NaN,0.198556,NaN
1175385600,NaN,0.195448,NaN
1175472000,NaN,0.192339,NaN
1175558400,NaN,0.189231,NaN
1175644800,NaN,0.186122,NaN
1175731200,NaN,0.183014,NaN
1175817600,NaN,0.179905,NaN
1175904000,NaN,0.176797,NaN
1175990400,NaN,0.173688,NaN
1176076800,NaN,0.170580,NaN
1176163200,NaN,0.167471,NaN
1176249600,NaN,0.164363,NaN
1176336000,NaN,0.161254,NaN
1176422400,NaN,0.158146,NaN
1176508800,NaN,0.155037,NaN
1176595200,NaN,0.151929,NaN
1176681600,0.165367,0.151091,0.014276
1176768000,NaN,0.150253,NaN
1176854400,0.146858,0.149415,-0.002557
1176940800,0.126060,0.148578,-0.022518
1177027200,NaN,0.147740,NaN
1177113600,0.112235,0.146902,-0.034667
1177200000,NaN,0.146065,NaN
1177286400,0.139935,0.145227,-0.005292
1177372800,NaN,0.144389,NaN
1177459200,NaN,0.143552,NaN
1177545600,0.112487,0.142714,-0.030227
1177632000,0.116108,0.141876,-0.025768
1177718400,NaN,0.141039,NaN
1177804800,NaN,0.140201,NaN
1177891200,NaN,0.139363,NaN
1177977600,NaN,0.138526,NaN
1178064000,NaN,0.137688,NaN
1178150400,NaN,0.136850,NaN
1178236800,0.114232,0.136013,-0.021781
1178323200,0.100044,0.135175,-0.035130
1178409600,NaN,0.134337,NaN
1178496000,0.113921,0.133499,-0.019579
1178582400,NaN,0.132662,NaN
1178668800,0.112576,0.131824,-0.019248
1178755200,NaN,0.130986,NaN
1178841600,NaN,0.130149,NaN
1178928000,NaN,0.129311,NaN
1179014400,0.100646,0.128473,-0.027827
1179100800,NaN,0.127636,NaN
1179187200,NaN,0.126798,NaN
1179273600,NaN,0.127595,NaN
1179360000,NaN,0.128391,NaN
1179446400,0.127235,0.129188,-0.001953
1179532800,NaN,0.129984,NaN
1179619200,NaN,0.130781,NaN
1179705600,NaN,0.131577,NaN
1179792000,NaN,0.132374,NaN
1179878400,NaN,0.133170,NaN
1179964800,NaN,0.133967,NaN
1180051200,0.102208,0.134763,-0.032555
1180137600,NaN,0.135560,NaN
1180224000,NaN,0.136356,NaN
1180310400,NaN,0.137153,NaN
1180396800,NaN,0.137949,NaN
1180483200,NaN,0.138746,NaN
1180569600,NaN,0.139542,NaN
1180656000,NaN,0.140339,NaN
1180742400,0.097751,0.141135,-0.043384
1180828800,0.091716,0.141932,-0.050215
1180915200,0.099869,0.142728,-0.042859
1181001600,NaN,0.143525,NaN
1181088000,NaN,0.144321,NaN
1181174400,NaN,0.145117,NaN
1181260800,NaN,0.145914,NaN
1181347200,NaN,0.146710,NaN
1181433600,0.096477,0.147507,-0.051030
1181520000,NaN,0.148303,NaN
1181606400,NaN,0.149100,NaN
1181692800,NaN,0.149896,NaN
1181779200,NaN,0.150693,NaN
1181865600,NaN,0.151489,NaN
1181952000,NaN,0.156499,NaN
1182038400,NaN,0.161508,NaN
1182124800,NaN,0.166517,NaN
1182211200,NaN,0.171526,NaN
1182297600,0.129338,0.176535,-0.047197
1182384000,NaN,0.181544,NaN
1182470400,0.074459,0.186553,-0.112093
1182556800,NaN,0.191562,NaN
1182643200,NaN,0.196571,NaN
1182729600,NaN,0.201580,NaN
1182816000,NaN,0.206589,NaN
1182902400,NaN,0.211598,NaN
1182988800,0.089231,0.216607,-0.127376
1183075200,NaN,0.221616,NaN
1183161600,NaN,0.226625,NaN
1183248000,NaN,0.231634,NaN
1183334400,NaN,0.236643,NaN
1183420800,NaN,0.241653,NaN
1183507200,NaN,0.246662,NaN
1183593600,NaN,0.251671,NaN
1183680000,NaN,0.256680,NaN
1183766400,0.097414,0.261689,-0.164275
1183852800,NaN,0.266698,NaN
1183939200,NaN,0.271707,NaN
1184025600,0.093308,0.276716,-0.183408
1184112000,NaN,0.281725,NaN
1184198400,0.096534,0.286734,-0.190200
1184284800,NaN,0.291743,NaN
1184371200,NaN,0.296752,NaN
1184457600,NaN,0.301761,NaN
1184544000,NaN,0.298732,NaN
1184630400,NaN,0.295703,NaN
1184716800,NaN,0.292674,NaN
1184803200,NaN,0.289645,NaN
1184889600,NaN,0.286616,NaN
1184976000,0.113921,0.283586,-0.169666
1185062400,0.086102,0.280557,-0.194455
1185148800,0.085058,0.277528,-0.192470
1185235200,NaN,0.274499,NaN
1185321600,NaN,0.271470,NaN
1185408000,NaN,0.268441,NaN
1185494400,NaN,0.265412,NaN
1185580800,NaN,0.262383,NaN
1185667200,NaN,0.259353,NaN
1185753600,0.200529,0.256324,-0.055796
1185840000,NaN,0.253295,NaN
1185926400,NaN,0.250266,NaN
1186012800,NaN,0.247237,NaN
1186099200,NaN,0.244208,NaN
1186185600,NaN,0.241179,NaN
1186272000,0.246396,0.238150,0.008247
1186358400,0.332825,0.235120,0.097704
1186444800,NaN,0.232091,NaN
1186531200,0.305037,0.229062,0.075975
1186617600,NaN,0.226033,NaN
1186704000,NaN,0.223004,NaN
1186790400,NaN,0.219975,NaN
1186876800,NaN,0.216946,NaN
1186963200,NaN,0.213917,NaN
1187049600,NaN,0.210887,NaN
1187136000,NaN,0.207858,NaN
1187222400,NaN,0.205716,NaN
1187308800,NaN,0.203573,NaN
1187395200,NaN,0.201431,NaN
1187481600,NaN,0.199288,NaN
1187568000,NaN,0.197146,NaN
1187654400,NaN,0.195003,NaN
1187740800,NaN,0.192861,NaN
1187827200,0.091020,0.190718,-0.099698
1187913600,0.083683,0.188576,-0.104893
1188000000,0.086589,0.186433,-0.099845
1188086400,NaN,0.184291,NaN
1188172800,NaN,0.182148,NaN
1188259200,NaN,0.180006,NaN
1188345600,NaN,0.177863,NaN
1188432000,NaN,0.175721,NaN
1188518400,NaN,0.173578,NaN
1188604800,0.097496,0.171436,-0.073940
1188691200,NaN,0.169293,NaN
1188777600,NaN,0.167151,NaN
1188864000,0.184574,0.165008,0.019566
1188950400,NaN,0.162866,NaN
1189036800,NaN,0.160723,NaN
1189123200,NaN,0.158581,NaN
1189209600,NaN,0.156438,NaN
1189296000,0.166644,0.154295,0.012348
1189382400,NaN,0.152153,NaN
1189468800,NaN,0.150010,NaN
1189555200,NaN,0.147868,NaN
1189641600,NaN,0.145725,NaN
1189728000,NaN,0.143583,NaN
1189814400,NaN,0.141440,NaN
1189900800,0.086462,0.142435,-0.055973
1189987200,0.092291,0.143429,-0.051138
1190073600,0.096705,0.144423,-0.047718
1190160000,NaN,0.145418,NaN
1190246400,NaN,0.146412,NaN
1190332800,0.121427,0.147406,-0.025980
1190419200,0.113801,0.148401,-0.034599
1190505600,NaN,0.149395,NaN
1190592000,NaN,0.150389,NaN
1190678400,NaN,0.151384,NaN
1190764800,NaN,0.152378,NaN
1190851200,NaN,0.153372,NaN
1190937600,NaN,0.154367,NaN
1191024000,NaN,0.155361,NaN
1191110400,NaN,0.156355,NaN
1191196800,NaN,0.157350,NaN
1191283200,0.178812,0.158344,0.020468
1191369600,0.150121,0.159338,-0.009217
1191456000,0.099939,0.160333,-0.060393
1191542400,NaN,0.161327,NaN
1191628800,0.109627,0.162321,-0.052694
1191715200,NaN,0.163316,NaN
1191801600,0.103716,0.164310,-0.060594
1191888000,NaN,0.165304,NaN
1191974400,NaN,0.166299,NaN
1192060800,0.106380,0.167293,-0.060913
1192147200,0.118207,0.168287,-0.050081
1192233600,0.131462,0.169282,-0.037819
1192320000,NaN,0.170276,NaN
1192406400,0.135070,0.171270,-0.036201
1192492800,NaN,0.172509,NaN
1192579200,NaN,0.173748,NaN
1192665600,0.227984,0.174987,0.052998
1192752000,NaN,0.176226,NaN
1192838400,0.259280,0.177464,0.081816
1192924800,NaN,0.178703,NaN
1193011200,NaN,0.179942,NaN
1193097600,NaN,0.181181,NaN
1193184000,0.324742,0.182420,0.142322
1193270400,NaN,0.183658,NaN
1193356800,NaN,0.184897,NaN
1193443200,0.230059,0.186136,0.043923
1193529600,0.406841,0.187375,0.219466
1193616000,NaN,0.188614,NaN
1193702400,NaN,0.189852,NaN
1193788800,0.189689,0.191091,-0.001403
1193875200,0.219529,0.192330,0.027200
1193961600,0.181400,0.193569,-0.012169
1194048000,0.203408,0.194808,0.008600
1194134400,NaN,0.196046,NaN
1194220800,0.266287,0.197285,0.069002
1194307200,NaN,0.198524,NaN
1194393600,0.276215,0.199763,0.076452
1194480000,0.247638,0.201002,0.046637
1194566400,0.215631,0.202240,0.013390
1194652800,0.170967,0.203479,-0.032512
1194739200,0.206263,0.204718,0.001545
1194825600,NaN,0.205957,NaN
1194912000,0.261435,0.207196,0.054240
1194998400,0.198345,0.208434,-0.010090
1195084800,0.283195,0.209673,0.073522
1195171200,NaN,0.213067,NaN
1195257600,NaN,0.216461,NaN
1195344000,NaN,0.219855,NaN
1195430400,0.241380,0.223249,0.018130
1195516800,NaN,0.226643,NaN
1195603200,NaN,0.230037,NaN
1195689600,NaN,0.233432,NaN
1195776000,NaN,0.236826,NaN
1195862400,NaN,0.240220,NaN
1195948800,NaN,0.243614,NaN
1196035200,NaN,0.247008,NaN
1196121600,NaN,0.250402,NaN
1196208000,NaN,0.253796,NaN
1196294400,NaN,0.257190,NaN
1196380800,0.242905,0.260584,-0.017679
1196467200,0.215778,0.263978,-0.048200
1196640000,NaN,0.270766,NaN
1196726400,NaN,0.274160,NaN
1196812800,NaN,0.277554,NaN
1196899200,NaN,0.280948,NaN
1196985600,NaN,0.284343,NaN
1197072000,NaN,0.287737,NaN
1197158400,NaN,0.291131,NaN
1197244800,NaN,0.294525,NaN
1197331200,0.167888,0.297919,-0.130031
1197417600,NaN,0.301313,NaN
1197504000,NaN,0.304707,NaN
1197590400,0.151778,0.308101,-0.156323
1197676800,NaN,0.311495,NaN
1197763200,NaN,0.312086,NaN
1197849600,NaN,0.312677,NaN
1197936000,NaN,0.313268,NaN
1198022400,0.211236,0.313858,-0.102622
1198108800,NaN,0.314449,NaN
1198195200,0.229353,0.315040,-0.085687
1198281600,NaN,0.315631,NaN
1198368000,NaN,0.316222,NaN
1198454400,NaN,0.316812,NaN
1198540800,0.261020,0.317403,-0.056383
1198627200,NaN,0.317994,NaN
1198713600,NaN,0.318585,NaN
1198800000,NaN,0.319176,NaN
1198886400,NaN,0.319767,NaN
1198972800,NaN,0.320357,NaN
1199059200,0.042092,0.320948,-0.278856
1199145600,0.373967,0.321539,0.052428
1199232000,0.470538,0.322130,0.148409
1199318400,NaN,0.322721,NaN
1199404800,NaN,0.323311,NaN
1199491200,NaN,0.323902,NaN
1199577600,NaN,0.324493,NaN
1199664000,NaN,0.325084,NaN
1199750400,0.336498,0.325675,0.010824
1199836800,NaN,0.326266,NaN
1199923200,NaN,0.326856,NaN
1200009600,0.265946,0.327447,-0.061501
1200096000,0.293458,0.328038,-0.034580
1200182400,0.329564,0.328629,0.000935
1200268800,NaN,0.329220,NaN
1200355200,NaN,0.329811,NaN
1200441600,NaN,0.328965,NaN
1200528000,NaN,0.328120,NaN
1200614400,NaN,0.327275,NaN
1200700800,NaN,0.326430,NaN
1200787200,NaN,0.325585,NaN
1200873600,0.298350,0.324740,-0.026390
1200960000,0.341750,0.323895,0.017855
1201046400,NaN,0.323050,NaN
1201132800,NaN,0.322205,NaN
1201219200,NaN,0.321360,NaN
1201305600,NaN,0.320515,NaN
1201392000,0.321187,0.319670,0.001517
1201478400,NaN,0.318825,NaN
1201564800,0.356427,0.317980,0.038447
1201651200,NaN,0.317135,NaN
1201737600,NaN,0.316290,NaN
1201824000,0.439270,0.315445,0.123825
1201910400,NaN,0.314600,NaN
1201996800,NaN,0.313755,NaN
1202083200,0.289000,0.312910,-0.023910
1202169600,NaN,0.312065,NaN
1202256000,NaN,0.311220,NaN
1202342400,0.247967,0.310375,-0.062408
1202428800,0.246496,0.309529,-0.063033
1202515200,0.208193,0.308684,-0.100492
1202601600,NaN,0.307839,NaN
1202688000,NaN,0.306994,NaN
1202774400,NaN,0.306149,NaN
1202860800,0.277091,0.305304,-0.028213
1202947200,NaN,0.304459,NaN
1203033600,NaN,0.303614,NaN
1203120000,0.248213,0.301638,-0.053425
1203206400,NaN,0.299663,NaN
1203292800,0.427828,0.297687,0.130141
1203379200,NaN,0.295711,NaN
1203465600,NaN,0.293735,NaN
1203552000,NaN,0.291759,NaN
1203638400,NaN,0.289784,NaN
1203724800,0.290909,0.287808,0.003101
1203811200,0.206469,0.285832,-0.079363
1203897600,NaN,0.283856,NaN
1203984000,NaN,0.281881,NaN
1204070400,0.293729,0.279905,0.013824
1204156800,NaN,0.277929,NaN
1204243200,NaN,0.275953,NaN
1204329600,NaN,0.273977,NaN
1204416000,0.187027,0.272002,-0.084975
1204502400,NaN,0.270026,NaN
1204588800,0.243254,0.268050,-0.024796
1204675200,0.255511,0.266074,-0.010564
1204761600,NaN,0.264098,NaN
1204848000,NaN,0.262123,NaN
1204934400,0.254331,0.260147,-0.005816
1205020800,0.241178,0.258171,-0.016993
1205107200,NaN,0.256195,NaN
1205193600,NaN,0.254220,NaN
1205280000,NaN,0.252244,NaN
1205366400,NaN,0.250268,NaN
1205452800,0.314140,0.248292,0.065848
1205539200,0.256009,0.245184,0.010825
1205625600,NaN,0.242075,NaN
1205712000,NaN,0.238967,NaN
1205798400,NaN,0.235858,NaN
1205884800,NaN,0.232750,NaN
1205971200,0.240776,0.229641,0.011135
1206057600,0.263070,0.226533,0.036537
1206144000,NaN,0.223424,NaN
1206230400,NaN,0.220316,NaN
1206316800,0.244144,0.217207,0.026937
1206403200,0.220370,0.214099,0.006272
1206489600,0.161967,0.210990,-0.049023
1206576000,NaN,0.207882,NaN
1206662400,NaN,0.204773,NaN
1206748800,NaN,0.201665,NaN
1206835200,NaN,0.198556,NaN
1206921600,0.202415,0.195448,0.006967
1207008000,0.157874,0.192339,-0.034465
1207094400,0.170356,0.189231,-0.018875
1207180800,NaN,0.186122,NaN
1207267200,NaN,0.183014,NaN
1207353600,NaN,0.179905,NaN
1207440000,NaN,0.176797,NaN
1207526400,NaN,0.173688,NaN
1207612800,NaN,0.170580,NaN
1207699200,NaN,0.167471,NaN
1207785600,NaN,0.164363,NaN
1207872000,0.180242,0.161254,0.018988
1207958400,NaN,0.158146,NaN
1208044800,0.168484,0.155037,0.013447
1208131200,NaN,0.151929,NaN
1208217600,NaN,0.151091,NaN
1208304000,NaN,0.150253,NaN
1208390400,NaN,0.149415,NaN
1208476800,NaN,0.148578,NaN
1208563200,0.168543,0.147740,0.020803
1208649600,0.143334,0.146902,-0.003569
1208736000,NaN,0.146065,NaN
1208822400,0.131981,0.145227,-0.013246
1208908800,NaN,0.144389,NaN
1208995200,NaN,0.143552,NaN
1209081600,NaN,0.142714,NaN
1209168000,NaN,0.141876,NaN
1209254400,NaN,0.141039,NaN
1209340800,NaN,0.140201,NaN
1209427200,0.153203,0.139363,0.013840
1209513600,NaN,0.138526,NaN
1209600000,NaN,0.137688,NaN
1209686400,NaN,0.136850,NaN
1209772800,NaN,0.136013,NaN
1209859200,NaN,0.135175,NaN
1209945600,NaN,0.134337,NaN
1210032000,0.097474,0.133499,-0.036025
1210118400,NaN,0.132662,NaN
1210204800,NaN,0.131824,NaN
1210291200,0.156050,0.130986,0.025064
1210377600,NaN,0.130149,NaN
1210464000,NaN,0.129311,NaN
1210550400,NaN,0.128473,NaN
1210636800,NaN,0.127636,NaN
1210723200,NaN,0.126798,NaN
1210809600,NaN,0.127595,NaN
1210896000,NaN,0.128391,NaN
1210982400,NaN,0.129188,NaN
1211068800,0.182059,0.129984,0.052075
1211155200,NaN,0.130781,NaN
1211241600,0.162626,0.131577,0.031049
1211328000,NaN,0.132374,NaN
1211414400,NaN,0.133170,NaN
1211500800,NaN,0.133967,NaN
1211587200,NaN,0.134763,NaN
1211673600,NaN,0.135560,NaN
1211760000,NaN,0.136356,NaN
1211846400,NaN,0.137153,NaN
1211932800,0.105346,0.137949,-0.032603
1212019200,NaN,0.138746,NaN
1212105600,0.181639,0.139542,0.042097
1212192000,NaN,0.140339,NaN
1212278400,NaN,0.141135,NaN
1212364800,NaN,0.141932,NaN
1212451200,0.320798,0.142728,0.178070
1212537600,NaN,0.143525,NaN
1212624000,0.157264,0.144321,0.012943
1212710400,NaN,0.145117,NaN
1212796800,0.080714,0.145914,-0.065200
1212883200,NaN,0.146710,NaN
1212969600,NaN,0.147507,NaN
1213056000,NaN,0.148303,NaN
1213142400,NaN,0.149100,NaN
1213228800,NaN,0.149896,NaN
1213315200,NaN,0.150693,NaN
1213401600,NaN,0.151489,NaN
1213488000,NaN,0.156499,NaN
1213574400,0.109924,0.161508,-0.051584
1213660800,NaN,0.166517,NaN
1213747200,NaN,0.171526,NaN
1213833600,NaN,0.176535,NaN
1213920000,NaN,0.181544,NaN
1214006400,0.092453,0.186553,-0.094100
1214092800,NaN,0.191562,NaN
1214179200,0.087978,0.196571,-0.108593
1214265600,NaN,0.201580,NaN
1214352000,NaN,0.206589,NaN
1214438400,NaN,0.211598,NaN
1214524800,NaN,0.216607,NaN
1214611200,NaN,0.221616,NaN
1214697600,NaN,0.226625,NaN
1214784000,NaN,0.231634,NaN
1214870400,NaN,0.236643,NaN
1214956800,NaN,0.241653,NaN
1215043200,NaN,0.246662,NaN
1215129600,NaN,0.251671,NaN
1215216000,NaN,0.256680,NaN
1215302400,NaN,0.261689,NaN
1215388800,NaN,0.266698,NaN
1215475200,NaN,0.271707,NaN
1215561600,NaN,0.276716,NaN
1215648000,NaN,0.281725,NaN
1215734400,NaN,0.286734,NaN
1215820800,0.138557,0.291743,-0.153186
1215907200,NaN,0.296752,NaN
1215993600,NaN,0.301761,NaN
1216080000,NaN,0.298732,NaN
1216166400,0.094813,0.295703,-0.200890
1216252800,NaN,0.292674,NaN
1216339200,NaN,0.289645,NaN
1216425600,NaN,0.286616,NaN
1216512000,NaN,0.283586,NaN
1216598400,NaN,0.280557,NaN
1216684800,NaN,0.277528,NaN
1216771200,NaN,0.274499,NaN
1216857600,NaN,0.271470,NaN
1216944000,NaN,0.268441,NaN
1217030400,NaN,0.265412,NaN
1217116800,NaN,0.262383,NaN
1217203200,NaN,0.259353,NaN
1217289600,NaN,0.256324,NaN
1217376000,NaN,0.253295,NaN
1217462400,0.152503,0.250266,-0.097763
1217548800,NaN,0.247237,NaN
1217635200,NaN,0.244208,NaN
1217721600,NaN,0.241179,NaN
1217808000,NaN,0.238150,NaN
1217894400,NaN,0.235120,NaN
1217980800,NaN,0.232091,NaN
1218067200,0.070670,0.229062,-0.158393
1218153600,NaN,0.226033,NaN
1218240000,0.116131,0.223004,-0.106873
1218326400,NaN,0.219975,NaN
1218412800,NaN,0.216946,NaN
1218499200,NaN,0.213917,NaN
1218585600,NaN,0.210887,NaN
1218672000,NaN,0.207858,NaN
1218758400,NaN,0.205716,NaN
1218844800,NaN,0.203573,NaN
1218931200,NaN,0.201431,NaN
1219017600,NaN,0.199288,NaN
1219104000,0.109217,0.197146,-0.087929
1219190400,NaN,0.195003,NaN
1219276800,NaN,0.192861,NaN
1219363200,NaN,0.190718,NaN
1219449600,NaN,0.188576,NaN
1219536000,NaN,0.186433,NaN
1219622400,0.089616,0.184291,-0.094675
1219708800,0.106498,0.182148,-0.075650
1219795200,NaN,0.180006,NaN
1219881600,NaN,0.177863,NaN
1219968000,NaN,0.175721,NaN
1220054400,NaN,0.173578,NaN
1220140800,NaN,0.171436,NaN
1220227200,NaN,0.169293,NaN
1220313600,0.096283,0.167151,-0.070867
1220400000,NaN,0.165008,NaN
1220486400,0.083607,0.162866,-0.079259
1220572800,NaN,0.160723,NaN
1220659200,NaN,0.158581,NaN
1220745600,NaN,0.156438,NaN
1220832000,NaN,0.154295,NaN
1220918400,NaN,0.152153,NaN
1221004800,NaN,0.150010,NaN
1221091200,NaN,0.147868,NaN
1221177600,NaN,0.145725,NaN
1221264000,NaN,0.143583,NaN
1221350400,NaN,0.141440,NaN
1221436800,NaN,0.142435,NaN
1221523200,NaN,0.143429,NaN
1221609600,NaN,0.144423,NaN
1221696000,NaN,0.145418,NaN
1221782400,NaN,0.146412,NaN
1221868800,NaN,0.147406,NaN
1221955200,NaN,0.148401,NaN
1222041600,NaN,0.149395,NaN
1222128000,NaN,0.150389,NaN
1222214400,NaN,0.151384,NaN
1222300800,NaN,0.152378,NaN
1222387200,0.146141,0.153372,-0.007232
1222473600,0.224917,0.154367,0.070551
1222560000,NaN,0.155361,NaN
1222646400,NaN,0.156355,NaN
1222732800,0.192130,0.157350,0.034780
1222819200,NaN,0.158344,NaN
1222905600,0.166856,0.159338,0.007517
1222992000,0.151984,0.160333,-0.008349
1223078400,NaN,0.161327,NaN
1223164800,NaN,0.162321,NaN
1223251200,0.143102,0.163316,-0.020214
1223337600,NaN,0.164310,NaN
1223424000,0.253052,0.165304,0.087747
1223510400,NaN,0.166299,NaN
1223596800,NaN,0.167293,NaN
1223683200,0.098655,0.168287,-0.069632
1223769600,0.103441,0.169282,-0.065841
1223856000,0.092096,0.170276,-0.078180
1223942400,NaN,0.171270,NaN
1224028800,NaN,0.172509,NaN
1224115200,NaN,0.173748,NaN
1224201600,NaN,0.174987,NaN
1224288000,0.123412,0.176226,-0.052813
1224374400,NaN,0.177464,NaN
1224460800,NaN,0.178703,NaN
1224547200,NaN,0.179942,NaN
1224633600,NaN,0.181181,NaN
1224720000,NaN,0.182420,NaN
1224806400,NaN,0.183658,NaN
1224892800,NaN,0.184897,NaN
1224979200,0.175751,0.186136,-0.010385
1225065600,0.186790,0.187375,-0.000585
1225152000,0.204815,0.188614,0.016202
1225238400,0.203540,0.189852,0.013688
1225324800,0.191360,0.191091,0.000269
1225411200,0.146352,0.192330,-0.045978
1225497600,0.216627,0.193569,0.023058
1225584000,0.190549,0.194808,-0.004259
1225670400,0.143812,0.196046,-0.052235
1225756800,NaN,0.197285,NaN
1225843200,0.169868,0.198524,-0.028656
1225929600,NaN,0.199763,NaN
1226016000,NaN,0.201002,NaN
1226102400,NaN,0.202240,NaN
1226188800,0.146281,0.203479,-0.057198
1226275200,NaN,0.204718,NaN
1226361600,NaN,0.205957,NaN
1226448000,NaN,0.207196,NaN
1226534400,NaN,0.208434,NaN
1226620800,0.156054,0.209673,-0.053619
1226707200,NaN,0.213067,NaN
1226793600,NaN,0.216461,NaN
1226880000,0.203417,0.219855,-0.016438
1226966400,0.198650,0.223249,-0.024599
1227052800,0.177175,0.226643,-0.049468
1227139200,0.184049,0.230037,-0.045988
1227225600,NaN,0.233432,NaN
1227312000,NaN,0.236826,NaN
1227398400,0.203272,0.240220,-0.036948
1227484800,NaN,0.243614,NaN
1227571200,0.240749,0.247008,-0.006259
1227657600,0.245280,0.250402,-0.005122
1227744000,0.185948,0.253796,-0.067848
1227830400,NaN,0.257190,NaN
1227916800,NaN,0.260584,NaN
1228003200,0.208205,0.263978,-0.055774
1228089600,NaN,0.267372,NaN
1228176000,0.225627,0.270766,-0.045140
1228262400,NaN,0.274160,NaN
1228348800,NaN,0.277554,NaN
1228435200,NaN,0.280948,NaN
1228521600,NaN,0.284343,NaN
1228608000,0.235254,0.287737,-0.052483
1228694400,NaN,0.291131,NaN
1228780800,NaN,0.294525,NaN
1228867200,NaN,0.297919,NaN
1228953600,NaN,0.301313,NaN
1229040000,0.268817,0.304707,-0.035890
1229126400,NaN,0.308101,NaN
1229212800,NaN,0.311495,NaN
1229299200,NaN,0.312067,NaN
1229385600,0.240837,0.312640,-0.071803
1229472000,NaN,0.313212,NaN
1229558400,0.211081,0.313784,-0.102704
1229644800,0.136181,0.314357,-0.178176
1229731200,0.206148,0.314929,-0.108782
1229817600,NaN,0.315502,NaN
1229904000,NaN,0.316074,NaN
1229990400,NaN,0.316646,NaN
1230076800,NaN,0.317219,NaN
1230163200,0.256737,0.317791,-0.061054
1230249600,NaN,0.318363,NaN
1230336000,0.269616,0.318936,-0.049319
1230422400,NaN,0.319508,NaN
1230508800,NaN,0.320080,NaN
1230595200,0.257700,0.320653,-0.062953
1230681600,NaN,0.321225,NaN
1230768000,NaN,0.321797,NaN
1230854400,0.261752,0.322370,-0.060617
1230940800,NaN,0.322942,NaN
1231027200,NaN,0.323515,NaN
1231113600,0.207854,0.324087,-0.116233
1231200000,NaN,0.324659,NaN
1231286400,0.241276,0.325232,-0.083955
1231372800,0.237463,0.325804,-0.088341
1231459200,NaN,0.326376,NaN
1231545600,NaN,0.326949,NaN
1231632000,NaN,0.327521,NaN
1231718400,NaN,0.328093,NaN
1231804800,0.348304,0.328666,0.019638
1231891200,0.226618,0.329238,-0.102620
1231977600,NaN,0.329811,NaN
1232064000,NaN,0.328965,NaN
1232150400,0.222152,0.328120,-0.105968
1232236800,NaN,0.327275,NaN
1232323200,0.270878,0.326430,-0.055552
1232409600,NaN,0.325585,NaN
1232496000,0.230501,0.324740,-0.094239
1232582400,0.263413,0.323895,-0.060482
1232668800,NaN,0.323050,NaN
1232755200,0.203505,0.322205,-0.118700
1232841600,NaN,0.321360,NaN
1232928000,0.225691,0.320515,-0.094824
1233014400,NaN,0.319670,NaN
1233100800,NaN,0.318825,NaN
1233187200,NaN,0.317980,NaN
1233273600,0.339244,0.317135,0.022109
1233360000,0.279300,0.316290,-0.036990
1233446400,NaN,0.315445,NaN
1233532800,NaN,0.314600,NaN
1233619200,0.385063,0.313755,0.071308
1233705600,0.333141,0.312910,0.020231
1233792000,0.453356,0.312065,0.141291
1233878400,NaN,0.311220,NaN
1233964800,0.300259,0.310375,-0.010116
1234051200,NaN,0.309529,NaN
1234137600,0.214593,0.308684,-0.094092
1234224000,NaN,0.307839,NaN
1234310400,0.278909,0.306994,-0.028085
1234396800,NaN,0.306149,NaN
1234483200,NaN,0.305304,NaN
1234569600,NaN,0.304459,NaN
1234656000,NaN,0.303614,NaN
1234742400,NaN,0.301638,NaN
1234828800,NaN,0.299663,NaN
1234915200,NaN,0.297687,NaN
1235001600,NaN,0.295711,NaN
1235088000,0.256948,0.293735,-0.036788
1235174400,NaN,0.291759,NaN
1235260800,0.239244,0.289784,-0.050539
1235347200,NaN,0.287808,NaN
1235433600,NaN,0.285832,NaN
1235520000,NaN,0.283856,NaN
1235606400,NaN,0.281881,NaN
1235692800,NaN,0.279905,NaN
1235779200,NaN,0.277929,NaN
1235865600,NaN,0.275953,NaN
1235952000,0.273190,0.273977,-0.000787
1236038400,0.251980,0.272002,-0.020021
1236124800,0.240156,0.270026,-0.029870
1236211200,0.171126,0.268050,-0.096924
1236297600,NaN,0.266074,NaN
1236384000,0.185562,0.264098,-0.078537
1236470400,NaN,0.262123,NaN
1236556800,NaN,0.260147,NaN
1236643200,0.188941,0.258171,-0.069230
1236729600,0.112814,0.256195,-0.143381
1236816000,NaN,0.254220,NaN
1236902400,NaN,0.252244,NaN
1236988800,NaN,0.250268,NaN
1237075200,NaN,0.248292,NaN
1237161600,NaN,0.245184,NaN
1237248000,NaN,0.242075,NaN
1237334400,0.184118,0.238967,-0.054849
1237420800,NaN,0.235858,NaN
1237507200,0.153546,0.232750,-0.079203
1237593600,NaN,0.229641,NaN
1237680000,0.129530,0.226533,-0.097002
1237766400,NaN,0.223424,NaN
1237852800,NaN,0.220316,NaN
1237939200,NaN,0.217207,NaN
1238025600,NaN,0.214099,NaN
1238112000,NaN,0.210990,NaN
1238198400,NaN,0.207882,NaN
1238284800,0.170088,0.204773,-0.034685
1238371200,NaN,0.201665,NaN
1238457600,NaN,0.198556,NaN
1238544000,NaN,0.195448,NaN
1238630400,NaN,0.192339,NaN
1238716800,0.225199,0.189231,0.035968
1238803200,NaN,0.186122,NaN
1238889600,NaN,0.183014,NaN
1238976000,NaN,0.179905,NaN
1239062400,0.176605,0.176797,-0.000192
1239148800,0.188008,0.173688,0.014319
1239235200,NaN,0.170580,NaN
1239321600,NaN,0.167471,NaN
1239408000,NaN,0.164363,NaN
1239494400,NaN,0.161254,NaN
1239580800,NaN,0.158146,NaN
1239667200,0.170078,0.155037,0.015041
1239753600,NaN,0.151929,NaN
1239840000,NaN,0.151091,NaN
1239926400,NaN,0.150253,NaN
1240012800,NaN,0.149415,NaN
1240099200,NaN,0.148578,NaN
1240185600,NaN,0.147740,NaN
1240272000,0.126144,0.146902,-0.020758
1240358400,0.107645,0.146065,-0.038420
1240444800,0.103114,0.145227,-0.042113
1240531200,NaN,0.144389,NaN
1240617600,NaN,0.143552,NaN
1240704000,NaN,0.142714,NaN
1240790400,NaN,0.141876,NaN
1240876800,NaN,0.141039,NaN
1240963200,NaN,0.140201,NaN
1241049600,NaN,0.139363,NaN
1241136000,NaN,0.138526,NaN
1241222400,0.101251,0.137688,-0.036437
1241308800,NaN,0.136850,NaN
1241395200,NaN,0.136013,NaN
1241481600,0.116076,0.135175,-0.019099
1241568000,NaN,0.134337,NaN
1241654400,0.129651,0.133499,-0.003848
1241740800,0.103008,0.132662,-0.029654
1241827200,NaN,0.131824,NaN
1241913600,NaN,0.130986,NaN
1242000000,NaN,0.130149,NaN
1242086400,NaN,0.129311,NaN
1242172800,NaN,0.128473,NaN
1242259200,NaN,0.127636,NaN
1242345600,NaN,0.126798,NaN
1242432000,0.089606,0.127595,-0.037988
1242518400,NaN,0.128391,NaN
1242604800,NaN,0.129188,NaN
1242691200,NaN,0.129984,NaN
1242777600,NaN,0.130781,NaN
1242864000,NaN,0.131577,NaN
1242950400,NaN,0.132374,NaN
1243036800,0.096633,0.133170,-0.036537
1243123200,NaN,0.133967,NaN
1243209600,NaN,0.134763,NaN
1243296000,0.097757,0.135560,-0.037803
1243382400,NaN,0.136356,NaN
1243468800,NaN,0.137153,NaN
1243555200,NaN,0.137949,NaN
1243641600,0.120235,0.138746,-0.018511
1243728000,NaN,0.139542,NaN
1243814400,NaN,0.140339,NaN
1243900800,NaN,0.141135,NaN
1243987200,NaN,0.141932,NaN
1244073600,NaN,0.142728,NaN
1244160000,NaN,0.143525,NaN
1244246400,0.173651,0.144321,0.029330
1244332800,NaN,0.145117,NaN
1244419200,0.246846,0.145914,0.100932
1244505600,0.261806,0.146710,0.115096
1244592000,0.272038,0.147507,0.124531
1244678400,NaN,0.148303,NaN
1244764800,NaN,0.149100,NaN
1244851200,NaN,0.149896,NaN
1244937600,NaN,0.150693,NaN
1245024000,0.202230,0.151489,0.050741
1245110400,NaN,0.156499,NaN
1245196800,NaN,0.161508,NaN
1245283200,0.289322,0.166517,0.122806
1245369600,0.164682,0.171526,-0.006844
1245456000,NaN,0.176535,NaN
1245542400,NaN,0.181544,NaN
1245628800,NaN,0.186553,NaN
1245715200,0.227096,0.191562,0.035534
1245801600,0.279002,0.196571,0.082431
1245888000,NaN,0.201580,NaN
1245974400,NaN,0.206589,NaN
1246060800,NaN,0.211598,NaN
1246147200,NaN,0.216607,NaN
1246233600,NaN,0.221616,NaN
1246320000,NaN,0.226625,NaN
1246406400,NaN,0.231634,NaN
1246492800,NaN,0.236643,NaN
1246579200,0.859142,0.241653,0.617490
1246665600,NaN,0.246662,NaN
1246752000,NaN,0.251671,NaN
1246838400,NaN,0.256680,NaN
1246924800,NaN,0.261689,NaN
1247011200,NaN,0.266698,NaN
1247097600,NaN,0.271707,NaN
1247184000,NaN,0.276716,NaN
1247270400,0.412815,0.281725,0.131090
1247356800,NaN,0.286734,NaN
1247443200,NaN,0.291743,NaN
1247529600,NaN,0.296752,NaN
1247616000,NaN,0.301761,NaN
1247702400,NaN,0.298732,NaN
1247788800,NaN,0.295703,NaN
1247875200,NaN,0.292674,NaN
1247961600,NaN,0.289645,NaN
1248048000,0.231488,0.286616,-0.055128
1248134400,NaN,0.283586,NaN
1248220800,NaN,0.280557,NaN
1248307200,NaN,0.277528,NaN
1248393600,NaN,0.274499,NaN
1248480000,NaN,0.271470,NaN
1248566400,0.111808,0.268441,-0.156633
1248652800,NaN,0.265412,NaN
1248739200,0.086094,0.262383,-0.176289
1248825600,NaN,0.259353,NaN
1248912000,NaN,0.256324,NaN
1248998400,NaN,0.253295,NaN
1249084800,NaN,0.250266,NaN
1249171200,NaN,0.247237,NaN
1249257600,NaN,0.244208,NaN
1249344000,0.121320,0.241179,-0.119858
1249430400,0.096697,0.238150,-0.141453
1249516800,NaN,0.235120,NaN
1249603200,0.133134,0.232091,-0.098958
1249689600,NaN,0.229062,NaN
1249776000,NaN,0.226033,NaN
1249862400,NaN,0.223004,NaN
1249948800,NaN,0.219975,NaN
1250035200,NaN,0.216946,NaN
1250121600,0.123749,0.213917,-0.090167
1250208000,NaN,0.210887,NaN
1250294400,NaN,0.207858,NaN
1250380800,NaN,0.205716,NaN
1250467200,NaN,0.203573,NaN
1250553600,NaN,0.201431,NaN
1250640000,NaN,0.199288,NaN
1250726400,NaN,0.197146,NaN
1250812800,NaN,0.195003,NaN
1250899200,NaN,0.192861,NaN
1250985600,NaN,0.190718,NaN
1251072000,NaN,0.188576,NaN
1251158400,NaN,0.186433,NaN
1251244800,0.104916,0.184291,-0.079375
1251331200,0.082190,0.182148,-0.099958
1251417600,NaN,0.180006,NaN
1251504000,NaN,0.177863,NaN
1251590400,NaN,0.175721,NaN
1251676800,NaN,0.173578,NaN
1251763200,NaN,0.171436,NaN
1251849600,NaN,0.169293,NaN
1251936000,0.091432,0.167151,-0.075718
1252022400,NaN,0.165008,NaN
1252108800,NaN,0.162866,NaN
1252195200,NaN,0.160723,NaN
1252281600,0.062820,0.158581,-0.095761
1252368000,NaN,0.156438,NaN
1252454400,NaN,0.154295,NaN
1252540800,NaN,0.152153,NaN
1252627200,NaN,0.150010,NaN
1252713600,NaN,0.147868,NaN
1252800000,NaN,0.145725,NaN
1252886400,NaN,0.143583,NaN
1252972800,NaN,0.141440,NaN
1253059200,NaN,0.142435,NaN
1253145600,0.147891,0.143429,0.004462
1253232000,NaN,0.144423,NaN
1253318400,NaN,0.145418,NaN
1253404800,NaN,0.146412,NaN
1253491200,0.116047,0.147406,-0.031359
1253577600,NaN,0.148401,NaN
1253664000,NaN,0.149395,NaN
1253750400,NaN,0.150389,NaN
1253836800,0.126616,0.151384,-0.024768
1253923200,0.111832,0.152378,-0.040547
1254009600,0.089033,0.153372,-0.064340
1254096000,0.101884,0.154367,-0.052483
1254182400,NaN,0.155361,NaN
1254268800,0.116272,0.156355,-0.040083
1254355200,NaN,0.157350,NaN
1254441600,NaN,0.158344,NaN
1254528000,NaN,0.159338,NaN
1254614400,NaN,0.160333,NaN
1254700800,0.123033,0.161327,-0.038294
1254787200,NaN,0.162321,NaN
1254873600,0.099870,0.163316,-0.063446
1254960000,NaN,0.164310,NaN
1255046400,NaN,0.165304,NaN
1255132800,NaN,0.166299,NaN
1255219200,NaN,0.167293,NaN
1255305600,NaN,0.168287,NaN
1255392000,NaN,0.169282,NaN
1255478400,0.089548,0.170276,-0.080728
1255564800,NaN,0.171270,NaN
1255651200,NaN,0.172509,NaN
1255737600,0.137328,0.173748,-0.036420
1255824000,NaN,0.174987,NaN
1255910400,NaN,0.176226,NaN
1255996800,NaN,0.177464,NaN
1256083200,NaN,0.178703,NaN
1256169600,NaN,0.179942,NaN
1256256000,0.177842,0.181181,-0.003339
1256342400,NaN,0.182420,NaN
1256428800,NaN,0.183658,NaN
1256515200,NaN,0.184897,NaN
1256601600,NaN,0.186136,NaN
1256688000,NaN,0.187375,NaN
1256774400,NaN,0.188614,NaN
1256860800,NaN,0.189852,NaN
1256947200,0.220243,0.191091,0.029152
1257033600,0.213568,0.192330,0.021238
1257120000,NaN,0.193569,NaN
1257206400,NaN,0.194808,NaN
1257292800,NaN,0.196046,NaN
1257379200,0.189457,0.197285,-0.007828
1257465600,NaN,0.198524,NaN
1257552000,NaN,0.199763,NaN
1257638400,NaN,0.201002,NaN
1257724800,NaN,0.202240,NaN
1257811200,NaN,0.203479,NaN
1257897600,NaN,0.204718,NaN
1257984000,0.217038,0.205957,0.011081
1258070400,0.183050,0.207196,-0.024146
1258156800,NaN,0.208434,NaN
1258243200,NaN,0.209673,NaN
1258329600,NaN,0.213067,NaN
1258416000,0.221697,0.216461,0.005236
1258502400,NaN,0.219855,NaN
1258588800,NaN,0.223249,NaN
1258675200,NaN,0.226643,NaN
1258761600,NaN,0.230037,NaN
1258848000,NaN,0.233432,NaN
1258934400,NaN,0.236826,NaN
1259020800,NaN,0.240220,NaN
1259107200,NaN,0.243614,NaN
1259193600,0.354385,0.247008,0.107377
1259280000,NaN,0.250402,NaN
1259366400,0.263481,0.253796,0.009685
1259452800,NaN,0.257190,NaN
1259539200,NaN,0.260584,NaN
1259625600,NaN,0.263978,NaN
1259712000,NaN,0.267372,NaN
1259798400,NaN,0.270766,NaN
1259884800,NaN,0.274160,NaN
1259971200,NaN,0.277554,NaN
1260057600,NaN,0.280948,NaN
1260144000,NaN,0.284343,NaN
1260230400,NaN,0.287737,NaN
1260316800,NaN,0.291131,NaN
1260403200,NaN,0.294525,NaN
1260489600,NaN,0.297919,NaN
1260576000,NaN,0.301313,NaN
1260662400,NaN,0.304707,NaN
1260748800,NaN,0.308101,NaN
1260835200,NaN,0.311495,NaN
1260921600,NaN,0.312086,NaN
1261008000,NaN,0.312677,NaN
1261094400,NaN,0.313268,NaN
1261180800,0.387905,0.313858,0.074047
1261267200,NaN,0.314449,NaN
1261353600,0.452879,0.315040,0.137839
1261440000,NaN,0.315631,NaN
1261526400,0.411687,0.316222,0.095465
1261612800,NaN,0.316812,NaN
1261699200,NaN,0.317403,NaN
1261785600,NaN,0.317994,NaN
1261872000,NaN,0.318585,NaN
1261958400,0.347830,0.319176,0.028654
1262044800,NaN,0.319767,NaN
1262131200,NaN,0.320357,NaN
1262217600,NaN,0.320948,NaN
1262304000,NaN,0.321539,NaN
1262390400,NaN,0.322130,NaN
1262476800,NaN,0.322721,NaN
1262563200,NaN,0.323311,NaN
1262649600,NaN,0.323902,NaN
1262736000,NaN,0.324493,NaN
1262822400,NaN,0.325084,NaN
1262908800,NaN,0.325675,NaN
1262995200,NaN,0.326266,NaN
1263081600,NaN,0.326856,NaN
1263168000,0.342056,0.327447,0.014609
1263254400,NaN,0.328038,NaN
1263340800,NaN,0.328629,NaN
1263427200,NaN,0.329220,NaN
1263513600,NaN,0.329811,NaN
1263600000,NaN,0.328965,NaN
1263686400,NaN,0.328120,NaN
1263772800,0.268500,0.327275,-0.058776
1263859200,0.161739,0.326430,-0.164691
1263945600,NaN,0.325585,NaN
1264032000,NaN,0.324740,NaN
1264118400,0.480908,0.323895,0.157013
1264204800,NaN,0.323050,NaN
1264291200,0.246180,0.322205,-0.076025
1264377600,0.292759,0.321360,-0.028601
1264464000,0.321020,0.320515,0.000505
1264550400,NaN,0.319670,NaN
1264636800,NaN,0.318825,NaN
1264723200,NaN,0.317980,NaN
1264809600,NaN,0.317135,NaN
1264896000,NaN,0.316290,NaN
1264982400,NaN,0.315445,NaN
1265068800,NaN,0.314600,NaN
1265155200,NaN,0.313755,NaN
1265241600,NaN,0.312910,NaN
1265328000,NaN,0.312065,NaN
1265414400,0.276146,0.311220,-0.035073
1265500800,NaN,0.310375,NaN
1265587200,NaN,0.309529,NaN
1265673600,NaN,0.308684,NaN
1265760000,NaN,0.307839,NaN
1265846400,NaN,0.306994,NaN
1265932800,NaN,0.306149,NaN
1266019200,NaN,0.305304,NaN
1266105600,NaN,0.304459,NaN
1266192000,NaN,0.303614,NaN
1266278400,0.291843,0.301638,-0.009796
1266364800,0.386918,0.299663,0.087255
1266451200,NaN,0.297687,NaN
1266537600,NaN,0.295711,NaN
1266624000,NaN,0.293735,NaN
1266710400,NaN,0.291759,NaN
1266796800,NaN,0.289784,NaN
1266883200,NaN,0.287808,NaN
1266969600,NaN,0.285832,NaN
1267056000,NaN,0.283856,NaN
1267142400,0.366444,0.281881,0.084563
1267228800,NaN,0.279905,NaN
1267315200,NaN,0.277929,NaN
1267401600,NaN,0.275953,NaN
1267488000,NaN,0.273977,NaN
1267574400,NaN,0.272002,NaN
1267660800,0.274472,0.270026,0.004447
1267747200,NaN,0.268050,NaN
1267833600,0.444555,0.266074,0.178481
1267920000,NaN,0.264098,NaN
1268006400,NaN,0.262123,NaN
1268092800,0.716225,0.260147,0.456078
1268179200,NaN,0.258171,NaN
1268265600,NaN,0.256195,NaN
1268352000,0.503347,0.254220,0.249127
1268438400,NaN,0.252244,NaN
1268524800,1.273265,0.250268,1.022997
1268611200,NaN,0.248292,NaN
1268697600,NaN,0.245184,NaN
1268784000,NaN,0.242075,NaN
1268870400,0.456301,0.238967,0.217335
1268956800,NaN,0.235858,NaN
1269043200,NaN,0.232750,NaN
1269129600,0.863345,0.229641,0.633704
1269216000,NaN,0.226533,NaN
1269302400,NaN,0.223424,NaN
1269388800,NaN,0.220316,NaN
1269475200,0.540811,0.217207,0.323603
1269561600,NaN,0.214099,NaN
1269648000,NaN,0.210990,NaN
1269734400,NaN,0.207882,NaN
1269820800,NaN,0.204773,NaN
1269907200,0.891379,0.201665,0.689715
1269993600,0.642861,0.198556,0.444305
1270080000,0.569226,0.195448,0.373779
1270166400,NaN,0.192339,NaN
1270252800,0.543128,0.189231,0.353898
1270339200,NaN,0.186122,NaN
1270425600,NaN,0.183014,NaN
1270512000,NaN,0.179905,NaN
1270598400,NaN,0.176797,NaN
1270684800,0.411845,0.173688,0.238157
1270771200,NaN,0.170580,NaN
1270857600,NaN,0.167471,NaN
1270944000,NaN,0.164363,NaN
1271030400,NaN,0.161254,NaN
1271116800,NaN,0.158146,NaN
1271203200,NaN,0.155037,NaN
1271289600,NaN,0.151929,NaN
1271376000,NaN,0.151091,NaN
1271462400,NaN,0.150253,NaN
1271548800,NaN,0.149415,NaN
1271635200,0.158497,0.148578,0.009919
1271721600,NaN,0.147740,NaN
1271808000,NaN,0.146902,NaN
1271894400,NaN,0.146065,NaN
1271980800,NaN,0.145227,NaN
1272067200,NaN,0.144389,NaN
1272153600,0.217668,0.143552,0.074116
1272240000,NaN,0.142714,NaN
1272326400,NaN,0.141876,NaN
1272412800,NaN,0.141039,NaN
1272499200,NaN,0.140201,NaN
1272585600,NaN,0.139363,NaN
1272672000,NaN,0.138526,NaN
1272758400,NaN,0.137688,NaN
1272844800,NaN,0.136850,NaN
1272931200,0.188928,0.136013,0.052916
1273017600,0.202868,0.135175,0.067694
1273104000,NaN,0.134337,NaN
1273190400,NaN,0.133499,NaN
1273276800,0.220088,0.132662,0.087426
1273363200,NaN,0.131824,NaN
1273449600,NaN,0.130986,NaN
1273536000,NaN,0.130149,NaN
1273622400,0.134599,0.129311,0.005288
1273708800,NaN,0.128473,NaN
1273795200,NaN,0.127636,NaN
1273881600,NaN,0.126798,NaN
1273968000,NaN,0.127595,NaN
1274054400,NaN,0.128391,NaN
1274140800,NaN,0.129188,NaN
1274227200,NaN,0.129984,NaN
1274313600,0.157244,0.130781,0.026464
1274400000,0.215509,0.131577,0.083932
1274486400,NaN,0.132374,NaN
1274572800,NaN,0.133170,NaN
1274659200,0.198453,0.133967,0.064487
1274745600,NaN,0.134763,NaN
1274832000,0.186870,0.135560,0.051310
1274918400,0.144781,0.136356,0.008425
1275004800,0.142312,0.137153,0.005159
1275091200,NaN,0.137949,NaN
1275177600,NaN,0.138746,NaN
1275264000,NaN,0.139542,NaN
1275350400,NaN,0.140339,NaN
1275436800,NaN,0.141135,NaN
1275523200,NaN,0.141932,NaN
1275609600,0.217206,0.142728,0.074478
1275696000,NaN,0.143525,NaN
1275782400,NaN,0.144321,NaN
1275868800,NaN,0.145117,NaN
1275955200,NaN,0.145914,NaN
1276041600,NaN,0.146710,NaN
1276128000,NaN,0.147507,NaN
1276214400,0.109553,0.148303,-0.038751
1276300800,0.091815,0.149100,-0.057285
1276387200,NaN,0.149896,NaN
1276473600,NaN,0.150693,NaN
1276560000,NaN,0.151489,NaN
1276646400,0.111014,0.156499,-0.045485
1276732800,NaN,0.161508,NaN
1276819200,0.179580,0.166517,0.013063
1276905600,NaN,0.171526,NaN
1276992000,NaN,0.176535,NaN
1277078400,NaN,0.181544,NaN
1277164800,NaN,0.186553,NaN
1277251200,NaN,0.191562,NaN
1277337600,NaN,0.196571,NaN
1277424000,NaN,0.201580,NaN
1277510400,NaN,0.206589,NaN
1277596800,NaN,0.211598,NaN
1277683200,NaN,0.216607,NaN
1277769600,NaN,0.221616,NaN
1277856000,NaN,0.226625,NaN
1277942400,NaN,0.231634,NaN
1278028800,NaN,0.236643,NaN
1278115200,NaN,0.241653,NaN
1278201600,0.100959,0.246662,-0.145703
1278288000,NaN,0.251671,NaN
1278374400,0.257475,0.256680,0.000795
1278460800,NaN,0.261689,NaN
1278547200,NaN,0.266698,NaN
1278633600,NaN,0.271707,NaN
1278720000,NaN,0.276716,NaN
1278806400,0.199168,0.281725,-0.082557
1278892800,NaN,0.286734,NaN
1278979200,0.127595,0.291743,-0.164148
1279065600,0.078358,0.296752,-0.218394
1279152000,0.084555,0.301761,-0.217207
1279238400,NaN,0.298732,NaN
1279324800,NaN,0.295703,NaN
1279411200,NaN,0.292674,NaN
1279497600,NaN,0.289645,NaN
1279584000,NaN,0.286616,NaN
1279670400,NaN,0.283586,NaN
1279756800,NaN,0.280557,NaN
1279843200,NaN,0.277528,NaN
1279929600,NaN,0.274499,NaN
1280016000,NaN,0.271470,NaN
1280102400,NaN,0.268441,NaN
1280188800,NaN,0.265412,NaN
1280275200,NaN,0.262383,NaN
1280361600,0.137372,0.259353,-0.121982
1280448000,NaN,0.256324,NaN
1280534400,0.133532,0.253295,-0.119763
1280620800,NaN,0.250266,NaN
1280707200,NaN,0.247237,NaN
1280793600,0.278487,0.244208,0.034279
1280880000,NaN,0.241179,NaN
1280966400,NaN,0.238150,NaN
1281052800,0.259376,0.235120,0.024256
1281139200,0.307733,0.232091,0.075642
1281225600,0.399422,0.229062,0.170360
1281312000,NaN,0.226033,NaN
1281398400,NaN,0.223004,NaN
1281484800,NaN,0.219975,NaN
1281571200,0.381892,0.216946,0.164946
1281657600,NaN,0.213917,NaN
1281744000,0.327773,0.210887,0.116885
1281830400,NaN,0.207858,NaN
1281916800,NaN,0.205716,NaN
1282003200,NaN,0.203573,NaN
1282089600,NaN,0.201431,NaN
1282176000,NaN,0.199288,NaN
1282262400,NaN,0.197146,NaN
1282348800,0.509284,0.195003,0.314281
1282435200,NaN,0.192861,NaN
1282521600,NaN,0.190718,NaN
1282608000,NaN,0.188576,NaN
1282694400,NaN,0.186433,NaN
1282780800,NaN,0.184291,NaN
1282867200,NaN,0.182148,NaN
1282953600,NaN,0.180006,NaN
1283040000,NaN,0.177863,NaN
1283126400,0.517954,0.175721,0.342233
1283212800,NaN,0.173578,NaN
1283299200,NaN,0.171436,NaN
1283385600,NaN,0.169293,NaN
1283472000,NaN,0.167151,NaN
1283558400,NaN,0.165008,NaN
1283644800,NaN,0.162866,NaN
1283731200,NaN,0.160723,NaN
1283817600,NaN,0.158581,NaN
1283904000,0.197693,0.156438,0.041255
1283990400,0.153677,0.154295,-0.000618
1284076800,NaN,0.152153,NaN
1284163200,NaN,0.150010,NaN
1284249600,NaN,0.147868,NaN
1284336000,0.177528,0.145725,0.031802
1284422400,NaN,0.143583,NaN
1284508800,0.362687,0.141440,0.221246
1284595200,NaN,0.142435,NaN
1284681600,NaN,0.143429,NaN
1284768000,NaN,0.144423,NaN
1284854400,NaN,0.145418,NaN
1284940800,NaN,0.146412,NaN
1285027200,NaN,0.147406,NaN
1285113600,0.151829,0.148401,0.003428
1285200000,NaN,0.149395,NaN
1285286400,NaN,0.150389,NaN
1285372800,NaN,0.151384,NaN
1285459200,0.133251,0.152378,-0.019127
1285545600,NaN,0.153372,NaN
1285632000,NaN,0.154367,NaN
1285718400,0.228292,0.155361,0.072931
1285804800,0.195903,0.156355,0.039547
1285891200,0.201792,0.157350,0.044443
1285977600,0.193178,0.158344,0.034834
1286064000,0.192041,0.159338,0.032702
1286150400,NaN,0.160333,NaN
1286236800,0.213957,0.161327,0.052630
1286323200,0.181421,0.162321,0.019099
1286409600,0.194993,0.163316,0.031677
1286496000,0.177410,0.164310,0.013100
1286582400,NaN,0.165304,NaN
1286668800,0.215116,0.166299,0.048817
1286755200,0.273128,0.167293,0.105835
1286841600,NaN,0.168287,NaN
1286928000,NaN,0.169282,NaN
1287014400,0.259375,0.170276,0.089099
1287100800,0.218381,0.171270,0.047110
1287187200,0.222847,0.172509,0.050338
1287273600,0.228444,0.173748,0.054696
1287360000,0.269828,0.174987,0.094841
1287446400,0.730966,0.176226,0.554740
1287532800,0.476635,0.177464,0.299171
1287619200,NaN,0.178703,NaN
1287705600,0.268047,0.179942,0.088105
1287792000,0.400266,0.181181,0.219085
1287878400,0.259198,0.182420,0.076779
1287964800,0.300055,0.183658,0.116397
1288051200,0.284978,0.184897,0.100081
1288137600,NaN,0.186136,NaN
1288224000,NaN,0.187375,NaN
1288310400,NaN,0.188614,NaN
1288396800,0.298646,0.189852,0.108794
1288483200,NaN,0.191091,NaN
1288569600,0.312419,0.192330,0.120089
1288656000,NaN,0.193569,NaN
1288742400,NaN,0.194808,NaN
1288828800,0.310277,0.196046,0.114231
1288915200,0.357122,0.197285,0.159837
1289001600,0.391989,0.198524,0.193465
1289088000,0.286786,0.199763,0.087023
1289174400,NaN,0.201002,NaN
1289260800,0.231199,0.202240,0.028959
1289347200,NaN,0.203479,NaN
1289433600,NaN,0.204718,NaN
1289520000,NaN,0.205957,NaN
1289606400,0.224890,0.207196,0.017694
1289692800,NaN,0.208434,NaN
1289779200,NaN,0.209673,NaN
1289865600,0.260455,0.213067,0.047388
1289952000,0.236276,0.216461,0.019814
1290038400,0.224371,0.219855,0.004516
1290124800,NaN,0.223249,NaN
1290211200,NaN,0.226643,NaN
1290297600,NaN,0.230037,NaN
1290384000,0.226855,0.233432,-0.006576
1290470400,0.167514,0.236826,-0.069312
1290556800,0.219943,0.240220,-0.020276
1290643200,0.212827,0.243614,-0.030787
1290729600,NaN,0.247008,NaN
1290816000,0.242307,0.250402,-0.008095
1290902400,NaN,0.253796,NaN
1290988800,NaN,0.257190,NaN
1291075200,NaN,0.260584,NaN
1291161600,0.255272,0.263978,-0.008707
1291248000,NaN,0.267372,NaN
1291334400,0.175353,0.270766,-0.095413
1291420800,NaN,0.274160,NaN
1291507200,NaN,0.277554,NaN
1291593600,0.385218,0.280948,0.104270
1291680000,1.228574,0.284343,0.944231
1291766400,NaN,0.287737,NaN
1291852800,0.352205,0.291131,0.061074
1291939200,NaN,0.294525,NaN
1292025600,NaN,0.297919,NaN
1292112000,0.928939,0.301313,0.627626
1292198400,1.042411,0.304707,0.737704
1292284800,1.003175,0.308101,0.695074
1292371200,NaN,0.311495,NaN
1292457600,NaN,0.312086,NaN
1292544000,0.185551,0.312677,-0.127125
1292630400,NaN,0.313268,NaN
1292716800,0.494382,0.313858,0.180523
1292803200,0.478931,0.314449,0.164482
1292889600,NaN,0.315040,NaN
1292976000,0.282395,0.315631,-0.033236
1293062400,NaN,0.316222,NaN
1293148800,0.458501,0.316812,0.141689
1293235200,NaN,0.317403,NaN
1293321600,NaN,0.317994,NaN
1293408000,NaN,0.318585,NaN
1293494400,0.293711,0.319176,-0.025464
1293580800,NaN,0.319767,NaN
1293667200,NaN,0.320357,NaN
1293753600,NaN,0.320948,NaN
1293840000,NaN,0.321539,NaN
1293926400,0.564374,0.322130,0.242245
1294012800,NaN,0.322721,NaN
1294099200,NaN,0.323311,NaN
1294185600,NaN,0.323902,NaN
1294272000,0.366479,0.324493,0.041985
1294358400,0.586963,0.325084,0.261879
1294444800,0.493585,0.325675,0.167911
1294531200,NaN,0.326266,NaN
1294617600,NaN,0.326856,NaN
1294704000,NaN,0.327447,NaN
1294790400,0.331130,0.328038,0.003092
1294876800,NaN,0.328629,NaN
1294963200,0.401336,0.329220,0.072117
1295049600,NaN,0.329811,NaN
1295136000,NaN,0.328965,NaN
1295222400,NaN,0.328120,NaN
1295308800,NaN,0.327275,NaN
1295395200,0.327652,0.326430,0.001221
1295481600,NaN,0.325585,NaN
1295568000,NaN,0.324740,NaN
1295654400,0.331669,0.323895,0.007774
1295740800,NaN,0.323050,NaN
1295827200,NaN,0.322205,NaN
1295913600,NaN,0.321360,NaN
1296000000,0.255935,0.320515,-0.064580
1296086400,NaN,0.319670,NaN
1296172800,NaN,0.318825,NaN
1296259200,NaN,0.317980,NaN
1296345600,NaN,0.317135,NaN
1296432000,NaN,0.316290,NaN
1296518400,NaN,0.315445,NaN
1296604800,NaN,0.314600,NaN
1296691200,NaN,0.313755,NaN
1296777600,NaN,0.312910,NaN
1296864000,0.259423,0.312065,-0.052641
1296950400,NaN,0.311220,NaN
1297036800,NaN,0.310375,NaN
1297123200,0.378981,0.309529,0.069452
1297209600,NaN,0.308684,NaN
1297296000,NaN,0.307839,NaN
1297382400,0.351539,0.306994,0.044544
1297468800,0.461783,0.306149,0.155633
1297555200,0.475041,0.305304,0.169737
1297641600,NaN,0.304459,NaN
1297728000,NaN,0.303614,NaN
1297814400,NaN,0.301638,NaN
1297900800,0.411616,0.299663,0.111953
1297987200,NaN,0.297687,NaN
1298073600,0.483398,0.295711,0.187687
1298160000,0.393680,0.293735,0.099945
1298246400,0.278030,0.291759,-0.013730
1298332800,0.183962,0.289784,-0.105821
1298419200,NaN,0.287808,NaN
1298505600,0.226176,0.285832,-0.059656
1298592000,NaN,0.283856,NaN
1298678400,0.212146,0.281881,-0.069735
1298764800,NaN,0.279905,NaN
1298851200,NaN,0.277929,NaN
1298937600,NaN,0.275953,NaN
1299024000,NaN,0.273977,NaN
1299110400,0.225904,0.272002,-0.046098
1299196800,NaN,0.270026,NaN
1299283200,NaN,0.268050,NaN
1299369600,NaN,0.266074,NaN
1299456000,0.270520,0.264098,0.006422
1299542400,NaN,0.262123,NaN
1299628800,NaN,0.260147,NaN
1299715200,0.298952,0.258171,0.040781
1299801600,0.233892,0.256195,-0.022304
1299888000,0.263487,0.254220,0.009268
1299974400,NaN,0.252244,NaN
1300060800,NaN,0.250268,NaN
1300147200,NaN,0.248292,NaN
1300233600,NaN,0.245184,NaN
1300320000,0.196553,0.242075,-0.045522
1300406400,NaN,0.238967,NaN
1300492800,0.175195,0.235858,-0.060663
1300579200,0.137595,0.232750,-0.095155
1300665600,0.164570,0.229641,-0.065071
1300752000,NaN,0.226533,NaN
1300838400,NaN,0.223424,NaN
1300924800,NaN,0.220316,NaN
1301011200,0.121095,0.217207,-0.096112
1301097600,0.187529,0.214099,-0.026570
1301184000,0.127419,0.210990,-0.083571
1301270400,NaN,0.207882,NaN
1301356800,NaN,0.204773,NaN
1301443200,NaN,0.201665,NaN
1301529600,0.164850,0.198556,-0.033706
1301616000,NaN,0.195448,NaN
1301702400,0.175781,0.192339,-0.016558
1301788800,NaN,0.189231,NaN
1301875200,NaN,0.186122,NaN
1301961600,0.160518,0.183014,-0.022495
1302048000,0.152497,0.179905,-0.027408
1302134400,NaN,0.176797,NaN
1302220800,NaN,0.173688,NaN
1302307200,NaN,0.170580,NaN
1302393600,NaN,0.167471,NaN
1302480000,NaN,0.164363,NaN
1302566400,0.181515,0.161254,0.020261
1302652800,0.181394,0.158146,0.023249
1302739200,NaN,0.155037,NaN
1302825600,NaN,0.151929,NaN
1302912000,0.204976,0.151091,0.053885
1302998400,NaN,0.150253,NaN
1303084800,NaN,0.149415,NaN
1303171200,NaN,0.148578,NaN
1303257600,0.237270,0.147740,0.089530
1303344000,NaN,0.146902,NaN
1303430400,0.171029,0.146065,0.024964
1303516800,NaN,0.145227,NaN
1303603200,NaN,0.144389,NaN
1303689600,NaN,0.143552,NaN
1303776000,NaN,0.142714,NaN
1303862400,NaN,0.141876,NaN
1303948800,0.135747,0.141039,-0.005291
1304035200,0.134854,0.140201,-0.005347
1304121600,NaN,0.139363,NaN
1304208000,NaN,0.138526,NaN
1304294400,NaN,0.137688,NaN
1304380800,NaN,0.136850,NaN
1304467200,NaN,0.136013,NaN
1304553600,NaN,0.135175,NaN
1304640000,0.116730,0.134337,-0.017607
1304726400,NaN,0.133499,NaN
1304812800,NaN,0.132662,NaN
1304899200,NaN,0.131824,NaN
1304985600,NaN,0.130986,NaN
1305072000,NaN,0.130149,NaN
1305158400,NaN,0.129311,NaN
1305244800,0.233658,0.128473,0.105185
1305331200,0.157258,0.127636,0.029622
1305417600,0.160090,0.126798,0.033292
1305504000,0.133271,0.127595,0.005676
1305590400,NaN,0.128391,NaN
1305676800,0.195782,0.129188,0.066594
1305763200,NaN,0.129984,NaN
1305849600,NaN,0.130781,NaN
1305936000,NaN,0.131577,NaN
1306022400,NaN,0.132374,NaN
1306108800,0.100460,0.133170,-0.032710
1306195200,NaN,0.133967,NaN
1306281600,0.123831,0.134763,-0.010932
1306368000,NaN,0.135560,NaN
1306454400,NaN,0.136356,NaN
1306540800,NaN,0.137153,NaN
1306627200,0.098432,0.137949,-0.039517
1306713600,NaN,0.138746,NaN
1306800000,0.103080,0.139542,-0.036462
1306886400,NaN,0.140339,NaN
1306972800,NaN,0.141135,NaN
1307059200,0.110167,0.141932,-0.031764
1307145600,NaN,0.142728,NaN
1307232000,NaN,0.143525,NaN
1307318400,NaN,0.144321,NaN
1307404800,NaN,0.145117,NaN
1307491200,NaN,0.145914,NaN
1307577600,NaN,0.146710,NaN
1307664000,NaN,0.147507,NaN
1307750400,NaN,0.148303,NaN
1307836800,NaN,0.149100,NaN
1307923200,NaN,0.149896,NaN
1308009600,0.143219,0.150693,-0.007474
1308096000,NaN,0.151489,NaN
1308182400,NaN,0.156499,NaN
1308268800,0.156389,0.161508,-0.005119
1308355200,NaN,0.166517,NaN
1308441600,NaN,0.171526,NaN
1308528000,NaN,0.176535,NaN
1308614400,0.164929,0.181544,-0.016614
1308700800,NaN,0.186553,NaN
1308787200,NaN,0.191562,NaN
1308873600,NaN,0.196571,NaN
1308960000,NaN,0.201580,NaN
1309046400,NaN,0.206589,NaN
1309132800,NaN,0.211598,NaN
1309219200,NaN,0.216607,NaN
1309305600,NaN,0.221616,NaN
1309392000,0.302109,0.226625,0.075483
1309478400,NaN,0.231634,NaN
1309564800,NaN,0.236643,NaN
1309651200,NaN,0.241653,NaN
1309737600,NaN,0.246662,NaN
1309824000,NaN,0.251671,NaN
1309910400,NaN,0.256680,NaN
1309996800,0.509695,0.261689,0.248006
1310083200,0.273524,0.266698,0.006826
1310169600,0.451010,0.271707,0.179303
1310256000,NaN,0.276716,NaN
1310342400,NaN,0.281725,NaN
1310428800,NaN,0.286734,NaN
1310515200,NaN,0.291743,NaN
1310601600,NaN,0.296752,NaN
1310688000,NaN,0.301761,NaN
1310774400,0.577061,0.298732,0.278329
1310860800,NaN,0.295703,NaN
1310947200,NaN,0.292674,NaN
1311033600,0.518652,0.289645,0.229008
1311120000,NaN,0.286616,NaN
1311206400,NaN,0.283586,NaN
1311292800,NaN,0.280557,NaN
1311379200,0.174455,0.277528,-0.103073
1311465600,NaN,0.274499,NaN
1311552000,NaN,0.271470,NaN
1311638400,NaN,0.268441,NaN
1311724800,NaN,0.265412,NaN
1311811200,NaN,0.262383,NaN
1311897600,NaN,0.259353,NaN
1311984000,NaN,0.256324,NaN
1312070400,NaN,0.253295,NaN
1312156800,NaN,0.250266,NaN
1312243200,NaN,0.247237,NaN
1312329600,0.151252,0.244208,-0.092956
1312416000,0.167598,0.241179,-0.073580
1312502400,NaN,0.238150,NaN
1312588800,0.126137,0.235120,-0.108983
1312675200,NaN,0.232091,NaN
1312761600,0.176722,0.229062,-0.052341
1312848000,NaN,0.226033,NaN
1312934400,0.155113,0.223004,-0.067891
1313020800,NaN,0.219975,NaN
1313107200,0.133926,0.216946,-0.083020
1313193600,0.142270,0.213917,-0.071647
1313280000,NaN,0.210887,NaN
1313366400,NaN,0.207858,NaN
1313452800,0.086042,0.205716,-0.119674
1313539200,NaN,0.203573,NaN
1313625600,NaN,0.201431,NaN
1313712000,0.091250,0.199288,-0.108038
1313798400,0.088619,0.197146,-0.108527
1313884800,NaN,0.195003,NaN
1313971200,NaN,0.192861,NaN
1314057600,NaN,0.190718,NaN
1314144000,NaN,0.188576,NaN
1314230400,NaN,0.186433,NaN
1314316800,NaN,0.184291,NaN
1314403200,NaN,0.182148,NaN
1314489600,0.080710,0.180006,-0.099296
1314576000,0.087868,0.177863,-0.089995
1314662400,NaN,0.175721,NaN
1314748800,NaN,0.173578,NaN
1314835200,NaN,0.171436,NaN
1314921600,NaN,0.169293,NaN
1315008000,NaN,0.167151,NaN
1315094400,NaN,0.165008,NaN
1315180800,NaN,0.162866,NaN
1315267200,NaN,0.160723,NaN
1315353600,0.107976,0.158581,-0.050604
1315440000,NaN,0.156438,NaN
1315526400,0.098042,0.154295,-0.056254
1315612800,0.079542,0.152153,-0.072611
1315699200,0.086321,0.150010,-0.063690
1315785600,NaN,0.147868,NaN
1315872000,0.094613,0.145725,-0.051113
1315958400,NaN,0.143583,NaN
1316044800,0.108432,0.141440,-0.033008
1316131200,NaN,0.142435,NaN
1316217600,NaN,0.143429,NaN
1316304000,NaN,0.144423,NaN
1316390400,NaN,0.145418,NaN
1316476800,NaN,0.146412,NaN
1316563200,0.076571,0.147406,-0.070835
1316649600,0.121718,0.148401,-0.026683
1316736000,0.109570,0.149395,-0.039825
1316822400,NaN,0.150389,NaN
1316908800,0.112039,0.151384,-0.039344
1316995200,0.124977,0.152378,-0.027401
1317081600,0.129133,0.153372,-0.024239
1317168000,0.112422,0.154367,-0.041945
1317254400,NaN,0.155361,NaN
1317340800,NaN,0.156355,NaN
1317427200,NaN,0.157350,NaN
1317513600,0.174928,0.158344,0.016584
1317600000,NaN,0.159338,NaN
1317686400,NaN,0.160333,NaN
1317772800,NaN,0.161327,NaN
1317859200,0.207058,0.162321,0.044736
1317945600,NaN,0.163316,NaN
1318032000,0.084924,0.164310,-0.079386
1318118400,NaN,0.165304,NaN
1318204800,NaN,0.166299,NaN
1318291200,NaN,0.167293,NaN
1318377600,0.064198,0.168287,-0.104090
1318464000,NaN,0.169282,NaN
1318550400,NaN,0.170276,NaN
1318636800,NaN,0.171270,NaN
1318723200,NaN,0.172509,NaN
1318809600,NaN,0.173748,NaN
1318896000,NaN,0.174987,NaN
1318982400,NaN,0.176226,NaN
1319068800,0.120219,0.177464,-0.057245
1319155200,0.127768,0.178703,-0.050935
1319241600,0.130889,0.179942,-0.049053
1319328000,NaN,0.181181,NaN
1319414400,NaN,0.182420,NaN
1319500800,NaN,0.183658,NaN
1319587200,0.173513,0.184897,-0.011384
1319673600,0.149625,0.186136,-0.036511
1319760000,NaN,0.187375,NaN
1319846400,0.148625,0.188614,-0.039988
1319932800,NaN,0.189852,NaN
1320019200,0.125632,0.191091,-0.065459
1320105600,NaN,0.192330,NaN
1320192000,NaN,0.193569,NaN
1320278400,NaN,0.194808,NaN
1320364800,0.206247,0.196046,0.010201
1320451200,NaN,0.197285,NaN
1320537600,NaN,0.198524,NaN
1320624000,NaN,0.199763,NaN
1320710400,NaN,0.201002,NaN
1320796800,0.124620,0.202240,-0.077620
1320883200,NaN,0.203479,NaN
1320969600,0.197433,0.204718,-0.007285
1321056000,NaN,0.205957,NaN
1321142400,0.183282,0.207196,-0.023913
1321228800,NaN,0.208434,NaN
1321315200,NaN,0.209673,NaN
1321401600,0.213445,0.213067,0.000378
1321488000,NaN,0.216461,NaN
1321574400,NaN,0.219855,NaN
1321660800,NaN,0.223249,NaN
1321747200,NaN,0.226643,NaN
1321833600,NaN,0.230037,NaN
1321920000,NaN,0.233432,NaN
1322006400,NaN,0.236826,NaN
1322092800,NaN,0.240220,NaN
1322179200,NaN,0.243614,NaN
1322265600,NaN,0.247008,NaN
1322352000,NaN,0.250402,NaN
1322438400,NaN,0.253796,NaN
1322524800,NaN,0.257190,NaN
1322611200,0.172124,0.260584,-0.088460
1322697600,0.227685,0.263978,-0.036294
1322784000,NaN,0.267372,NaN
1322870400,NaN,0.270766,NaN
1322956800,NaN,0.274160,NaN
1323043200,NaN,0.277554,NaN
1323129600,NaN,0.280948,NaN
1323216000,NaN,0.284343,NaN
1323302400,NaN,0.287737,NaN
1323388800,NaN,0.291131,NaN
1323475200,NaN,0.294525,NaN
1323561600,NaN,0.297919,NaN
1323648000,NaN,0.301313,NaN
1323734400,NaN,0.304707,NaN
1323820800,NaN,0.308101,NaN
1323907200,NaN,0.311495,NaN
1323993600,0.185452,0.312086,-0.126634
1324080000,NaN,0.312677,NaN
1324166400,0.237146,0.313268,-0.076122
1324252800,NaN,0.313858,NaN
1324339200,NaN,0.314449,NaN
1324425600,NaN,0.315040,NaN
1324512000,NaN,0.315631,NaN
1324598400,NaN,0.316222,NaN
1324684800,NaN,0.316812,NaN
1324771200,NaN,0.317403,NaN
1324857600,NaN,0.317994,NaN
1324944000,0.249063,0.318585,-0.069522
1325030400,NaN,0.319176,NaN
1325116800,0.210161,0.319767,-0.109605
1325203200,0.249299,0.320357,-0.071058
1325289600,0.392884,0.320948,0.071936
1325376000,NaN,0.321539,NaN
1325462400,0.346576,0.322130,0.024447
1325548800,0.253616,0.322721,-0.069105
1325635200,NaN,0.323311,NaN
1325721600,NaN,0.323902,NaN
1325808000,NaN,0.324493,NaN
1325894400,0.268373,0.325084,-0.056710
1325980800,NaN,0.325675,NaN
1326067200,NaN,0.326266,NaN
1326153600,NaN,0.326856,NaN
1326240000,0.334057,0.327447,0.006610
1326326400,NaN,0.328038,NaN
1326412800,NaN,0.328629,NaN
1326499200,0.380044,0.329220,0.050824
1326585600,NaN,0.329811,NaN
1326672000,0.391109,0.328965,0.062144
1326758400,0.222095,0.328120,-0.106025
1326844800,0.377355,0.327275,0.050080
1326931200,NaN,0.326430,NaN
1327017600,NaN,0.325585,NaN
1327104000,NaN,0.324740,NaN
1327190400,NaN,0.323895,NaN
1327276800,0.212014,0.323050,-0.111036
1327363200,0.177923,0.322205,-0.144282
1327449600,NaN,0.321360,NaN
1327536000,NaN,0.320515,NaN
1327622400,0.322171,0.319670,0.002501
1327708800,NaN,0.318825,NaN
1327795200,0.276515,0.317980,-0.041465
1327881600,NaN,0.317135,NaN
1327968000,NaN,0.316290,NaN
1328054400,NaN,0.315445,NaN
1328140800,NaN,0.314600,NaN
1328227200,NaN,0.313755,NaN
1328313600,0.199311,0.312910,-0.113598
1328400000,NaN,0.312065,NaN
1328486400,NaN,0.311220,NaN
1328572800,NaN,0.310375,NaN
1328659200,NaN,0.309529,NaN
1328745600,NaN,0.308684,NaN
1328832000,NaN,0.307839,NaN
1328918400,NaN,0.306994,NaN
1329004800,NaN,0.306149,NaN
1329091200,NaN,0.305304,NaN
1329177600,NaN,0.304459,NaN
1329264000,NaN,0.303614,NaN
1329350400,NaN,0.301638,NaN
1329436800,NaN,0.299663,NaN
1329523200,NaN,0.297687,NaN
1329609600,NaN,0.295711,NaN
1329696000,NaN,0.293735,NaN
1329782400,NaN,0.291759,NaN
1329868800,NaN,0.289784,NaN
1329955200,NaN,0.287808,NaN
1330041600,NaN,0.285832,NaN
1330128000,NaN,0.283856,NaN
1330214400,NaN,0.281881,NaN
1330300800,NaN,0.279905,NaN
1330387200,NaN,0.277929,NaN
1330473600,0.194941,0.275953,-0.081012
1330560000,NaN,0.273977,NaN
1330646400,0.206609,0.272002,-0.065393
1330732800,NaN,0.270026,NaN
1330819200,0.260296,0.268050,-0.007754
1330905600,0.267771,0.266074,0.001696
1330992000,NaN,0.264098,NaN
1331078400,NaN,0.262123,NaN
1331164800,NaN,0.260147,NaN
1331251200,NaN,0.258171,NaN
1331337600,NaN,0.256195,NaN
1331424000,NaN,0.254220,NaN
1331510400,0.127613,0.252244,-0.124630
1331596800,0.112892,0.250268,-0.137376
1331683200,0.100233,0.248292,-0.148059
1331769600,NaN,0.245184,NaN
1331856000,0.100060,0.242075,-0.142016
1331942400,NaN,0.238967,NaN
1332028800,NaN,0.235858,NaN
1332115200,NaN,0.232750,NaN
1332201600,NaN,0.229641,NaN
1332288000,NaN,0.226533,NaN
1332374400,NaN,0.223424,NaN
1332460800,NaN,0.220316,NaN
1332547200,NaN,0.217207,NaN
1332633600,NaN,0.214099,NaN
1332720000,NaN,0.210990,NaN
1332806400,NaN,0.207882,NaN
1332892800,0.073559,0.204773,-0.131214
1332979200,0.087233,0.201665,-0.114431
1333065600,NaN,0.198556,NaN
1333152000,NaN,0.195448,NaN
1333238400,0.104116,0.192339,-0.088223
1333324800,NaN,0.189231,NaN
1333411200,NaN,0.186122,NaN
1333497600,NaN,0.183014,NaN
1333584000,0.098547,0.179905,-0.081358
1333670400,NaN,0.176797,NaN
1333756800,NaN,0.173688,NaN
1333843200,0.083804,0.170580,-0.086776
1333929600,NaN,0.167471,NaN
1334016000,NaN,0.164363,NaN
1334102400,0.074989,0.161254,-0.086265
1334188800,NaN,0.158146,NaN
1334275200,0.088074,0.155037,-0.066963
1334361600,NaN,0.151929,NaN
1334448000,0.095012,0.151091,-0.056079
1334534400,NaN,0.150253,NaN
1334620800,NaN,0.149415,NaN
1334707200,NaN,0.148578,NaN
1334793600,NaN,0.147740,NaN
1334880000,0.085516,0.146902,-0.061386
1334966400,NaN,0.146065,NaN
1335052800,0.104513,0.145227,-0.040714
1335139200,0.096431,0.144389,-0.047958
1335225600,0.086677,0.143552,-0.056875
1335312000,NaN,0.142714,NaN
1335398400,NaN,0.141876,NaN
1335484800,NaN,0.141039,NaN
1335571200,NaN,0.140201,NaN
1335657600,NaN,0.139363,NaN
1335744000,NaN,0.138526,NaN
1335830400,NaN,0.137688,NaN
1335916800,0.070074,0.136850,-0.066776
1336003200,NaN,0.136013,NaN
1336089600,0.073731,0.135175,-0.061443
1336176000,NaN,0.134337,NaN
1336262400,NaN,0.133499,NaN
1336348800,0.074566,0.132662,-0.058096
1336435200,0.081466,0.131824,-0.050358
1336521600,0.069990,0.130986,-0.060996
1336608000,NaN,0.130149,NaN
1336694400,NaN,0.129311,NaN
1336780800,NaN,0.128473,NaN
1336867200,NaN,0.127636,NaN
1336953600,NaN,0.126798,NaN
1337040000,NaN,0.127595,NaN
1337126400,NaN,0.128391,NaN
1337212800,0.106562,0.129188,-0.022626
1337299200,0.087848,0.129984,-0.042136
1337385600,NaN,0.130781,NaN
1337472000,0.089188,0.131577,-0.042389
1337558400,NaN,0.132374,NaN
1337644800,0.090457,0.133170,-0.042713
1337731200,0.079107,0.133967,-0.054859
1337817600,0.102921,0.134763,-0.031842
1337904000,NaN,0.135560,NaN
1337990400,NaN,0.136356,NaN
1338076800,NaN,0.137153,NaN
1338163200,NaN,0.137949,NaN
1338249600,0.104406,0.138746,-0.034339
1338336000,NaN,0.139542,NaN
1338422400,0.114699,0.140339,-0.025639
1338508800,0.081436,0.141135,-0.059699
1338595200,0.086768,0.141932,-0.055164
1338681600,0.077017,0.142728,-0.065711
1338768000,NaN,0.143525,NaN
1338854400,NaN,0.144321,NaN
1338940800,NaN,0.145117,NaN
1339027200,NaN,0.145914,NaN
1339113600,NaN,0.146710,NaN
1339200000,NaN,0.147507,NaN
1339286400,NaN,0.148303,NaN
1339372800,NaN,0.149100,NaN
1339459200,NaN,0.149896,NaN
1339545600,NaN,0.150693,NaN
1339632000,0.168817,0.151489,0.017327
1339718400,NaN,0.156499,NaN
1339804800,NaN,0.161508,NaN
1339891200,NaN,0.166517,NaN
1339977600,NaN,0.171526,NaN
1340064000,NaN,0.176535,NaN
1340150400,NaN,0.181544,NaN
1340236800,0.113139,0.186553,-0.073414
1340323200,NaN,0.191562,NaN
1340409600,NaN,0.196571,NaN
1340496000,NaN,0.201580,NaN
1340582400,NaN,0.206589,NaN
1340668800,NaN,0.211598,NaN
1340755200,0.072621,0.216607,-0.143986
1340841600,NaN,0.221616,NaN
1340928000,NaN,0.226625,NaN
1341014400,NaN,0.231634,NaN
1341100800,NaN,0.236643,NaN
1341187200,NaN,0.241653,NaN
1341273600,0.075539,0.246662,-0.171122
1341360000,NaN,0.251671,NaN
1341446400,NaN,0.256680,NaN
1341532800,NaN,0.261689,NaN
1341619200,NaN,0.266698,NaN
1341705600,NaN,0.271707,NaN
1341792000,NaN,0.276716,NaN
1341878400,NaN,0.281725,NaN
1341964800,NaN,0.286734,NaN
1342051200,0.084160,0.291743,-0.207583
1342137600,NaN,0.296752,NaN
1342224000,NaN,0.301761,NaN
1342310400,NaN,0.298732,NaN
1342396800,NaN,0.295703,NaN
1342483200,NaN,0.292674,NaN
1342569600,NaN,0.289645,NaN
1342656000,NaN,0.286616,NaN
1342742400,NaN,0.283586,NaN
1342828800,NaN,0.280557,NaN
1342915200,NaN,0.277528,NaN
1343001600,0.167383,0.274499,-0.107116
1343088000,NaN,0.271470,NaN
1343174400,0.269592,0.268441,0.001151
1343260800,NaN,0.265412,NaN
1343347200,0.308336,0.262383,0.045953
1343433600,NaN,0.259353,NaN
1343520000,0.310718,0.256324,0.054394
1343606400,NaN,0.253295,NaN
1343692800,NaN,0.250266,NaN
1343779200,NaN,0.247237,NaN
1343865600,0.226163,0.244208,-0.018045
1343952000,0.313324,0.241179,0.072145
1344038400,NaN,0.238150,NaN
1344124800,NaN,0.235120,NaN
1344211200,0.241609,0.232091,0.009517
1344297600,NaN,0.229062,NaN
1344384000,NaN,0.226033,NaN
1344470400,NaN,0.223004,NaN
1344556800,0.460871,0.219975,0.240896
1344643200,NaN,0.216946,NaN
1344729600,NaN,0.213917,NaN
1344816000,NaN,0.210887,NaN
1344902400,NaN,0.207858,NaN
1344988800,NaN,0.205716,NaN
1345075200,NaN,0.203573,NaN
1345161600,0.259574,0.201431,0.058143
1345248000,NaN,0.199288,NaN
1345334400,NaN,0.197146,NaN
1345420800,NaN,0.195003,NaN
1345507200,NaN,0.192861,NaN
1345593600,NaN,0.190718,NaN
1345680000,NaN,0.188576,NaN
1345766400,NaN,0.186433,NaN
1345852800,NaN,0.184291,NaN
1345939200,0.138043,0.182148,-0.044105
1346025600,NaN,0.180006,NaN
1346112000,NaN,0.177863,NaN
1346198400,NaN,0.175721,NaN
1346284800,NaN,0.173578,NaN
1346371200,NaN,0.171436,NaN
1346457600,NaN,0.169293,NaN
1346544000,0.264523,0.167151,0.097372
1346630400,0.223046,0.165008,0.058037
1346716800,0.203469,0.162866,0.040604
1346803200,NaN,0.160723,NaN
1346889600,NaN,0.158581,NaN
1346976000,NaN,0.156438,NaN
1347062400,NaN,0.154295,NaN
1347148800,NaN,0.152153,NaN
1347235200,NaN,0.150010,NaN
1347321600,NaN,0.147868,NaN
1347408000,NaN,0.145725,NaN
1347494400,NaN,0.143583,NaN
1347580800,NaN,0.141440,NaN
1347667200,NaN,0.142435,NaN
1347753600,NaN,0.143429,NaN
1347840000,NaN,0.144423,NaN
1347926400,NaN,0.145418,NaN
1348012800,NaN,0.146412,NaN
1348099200,0.089056,0.147406,-0.058350
1348185600,NaN,0.148401,NaN
1348272000,NaN,0.149395,NaN
1348358400,0.110562,0.150389,-0.039827
1348444800,NaN,0.151384,NaN
1348531200,NaN,0.152378,NaN
1348617600,NaN,0.153372,NaN
1348704000,NaN,0.154367,NaN
1348790400,NaN,0.155361,NaN
1348876800,NaN,0.156355,NaN
1348963200,NaN,0.157350,NaN
1349049600,NaN,0.158344,NaN
1349136000,NaN,0.159338,NaN
1349222400,0.089016,0.160333,-0.071317
1349308800,0.104291,0.161327,-0.057036
1349395200,0.123379,0.162321,-0.038942
1349481600,0.088155,0.163316,-0.075161
1349568000,NaN,0.164310,NaN
1349654400,NaN,0.165304,NaN
1349740800,NaN,0.166299,NaN
1349827200,0.105740,0.167293,-0.061553
1349913600,NaN,0.168287,NaN
1350000000,NaN,0.169282,NaN
1350086400,0.079902,0.170276,-0.090374
1350172800,NaN,0.171270,NaN
1350259200,NaN,0.172509,NaN
1350345600,NaN,0.173748,NaN
1350432000,0.094373,0.174987,-0.080614
1350518400,NaN,0.176226,NaN
1350604800,0.116168,0.177464,-0.061296
1350691200,0.092694,0.178703,-0.086009
1350777600,0.090127,0.179942,-0.089815
1350864000,NaN,0.181181,NaN
1350950400,NaN,0.182420,NaN
1351036800,0.084929,0.183658,-0.098730
1351123200,NaN,0.184897,NaN
1351209600,0.084302,0.186136,-0.101834
1351296000,NaN,0.187375,NaN
1351382400,0.163913,0.188614,-0.024701
1351468800,0.133946,0.189852,-0.055906
1351555200,0.124641,0.191091,-0.066450
1351641600,0.113037,0.192330,-0.079293
1351728000,NaN,0.193569,NaN
1351814400,0.102793,0.194808,-0.092015
1351900800,0.077880,0.196046,-0.118167
1351987200,NaN,0.197285,NaN
1352073600,NaN,0.198524,NaN
1352160000,0.122461,0.199763,-0.077302
1352246400,0.113139,0.201002,-0.087863
1352332800,0.133614,0.202240,-0.068626
1352419200,NaN,0.203479,NaN
1352505600,NaN,0.204718,NaN
1352592000,NaN,0.205957,NaN
1352678400,NaN,0.207196,NaN
1352764800,NaN,0.208434,NaN
1352851200,0.158168,0.209673,-0.051505
1352937600,0.168583,0.213067,-0.044484
1353024000,NaN,0.216461,NaN
1353110400,NaN,0.219855,NaN
1353196800,0.157911,0.223249,-0.065338
1353283200,NaN,0.226643,NaN
1353369600,0.145223,0.230037,-0.084815
1353456000,0.141067,0.233432,-0.092365
1353542400,NaN,0.236826,NaN
1353628800,NaN,0.240220,NaN
1353715200,NaN,0.243614,NaN
1353801600,NaN,0.247008,NaN
1353888000,NaN,0.250402,NaN
1353974400,NaN,0.253796,NaN
1354060800,NaN,0.257190,NaN
1354147200,NaN,0.260584,NaN
1354233600,0.181626,0.263978,-0.082352
1354320000,0.218592,0.267372,-0.048780
1354406400,0.194568,0.270766,-0.076198
1354492800,NaN,0.274160,NaN
1354579200,NaN,0.277554,NaN
1354665600,NaN,0.280948,NaN
1354752000,0.129710,0.284343,-0.154632
1354838400,0.143542,0.287737,-0.144195
1354924800,0.128816,0.291131,-0.162315
1355011200,NaN,0.294525,NaN
1355097600,NaN,0.297919,NaN
1355184000,NaN,0.301313,NaN
1355270400,0.242939,0.304707,-0.061768
1355356800,0.205109,0.308101,-0.102992
1355443200,NaN,0.311495,NaN
1355529600,NaN,0.312067,NaN
1355616000,NaN,0.312640,NaN
1355702400,NaN,0.313212,NaN
1355788800,0.174006,0.313784,-0.139778
1355875200,NaN,0.314357,NaN
1355961600,0.195778,0.314929,-0.119151
1356048000,NaN,0.315502,NaN
1356134400,0.209026,0.316074,-0.107048
1356220800,NaN,0.316646,NaN
1356307200,NaN,0.317219,NaN
1356393600,NaN,0.317791,NaN
1356480000,NaN,0.318363,NaN
1356566400,NaN,0.318936,NaN
1356652800,NaN,0.319508,NaN
1356739200,NaN,0.320080,NaN
1356825600,NaN,0.320653,NaN
1356912000,NaN,0.321225,NaN
1356998400,NaN,0.321797,NaN
1357084800,NaN,0.322370,NaN
1357171200,NaN,0.322942,NaN
1357257600,NaN,0.323515,NaN
1357344000,NaN,0.324087,NaN
1357430400,NaN,0.324659,NaN
1357516800,NaN,0.325232,NaN
1357603200,NaN,0.325804,NaN
1357689600,NaN,0.326376,NaN
1357776000,NaN,0.326949,NaN
1357862400,NaN,0.327521,NaN
1357948800,NaN,0.328093,NaN
1358035200,NaN,0.328666,NaN
1358121600,NaN,0.329238,NaN
1358208000,0.208488,0.329811,-0.121323
1358294400,NaN,0.328965,NaN
1358380800,0.269581,0.328120,-0.058540
1358467200,NaN,0.327275,NaN
1358553600,NaN,0.326430,NaN
1358640000,NaN,0.325585,NaN
1358726400,NaN,0.324740,NaN
1358812800,NaN,0.323895,NaN
1358899200,0.252540,0.323050,-0.070510
1358985600,0.318454,0.322205,-0.003751
1359072000,0.231848,0.321360,-0.089512
1359158400,NaN,0.320515,NaN
1359244800,NaN,0.319670,NaN
1359331200,0.159812,0.318825,-0.159013
1359417600,NaN,0.317980,NaN
1359504000,NaN,0.317135,NaN
1359590400,0.342002,0.316290,0.025712
1359676800,0.412993,0.315445,0.097548
1359763200,NaN,0.314600,NaN
1359849600,NaN,0.313755,NaN
1359936000,NaN,0.312910,NaN
1360022400,NaN,0.312065,NaN
1360108800,NaN,0.311220,NaN
1360195200,NaN,0.310375,NaN
1360281600,NaN,0.309529,NaN
1360368000,NaN,0.308684,NaN
1360454400,NaN,0.307839,NaN
1360540800,NaN,0.306994,NaN
1360627200,NaN,0.306149,NaN
1360713600,NaN,0.305304,NaN
1360800000,NaN,0.304459,NaN
1360886400,NaN,0.303614,NaN
1360972800,0.358021,0.301638,0.056383
1361059200,0.326330,0.299663,0.026667
1361145600,NaN,0.297687,NaN
1361232000,NaN,0.295711,NaN
1361318400,NaN,0.293735,NaN
1361404800,NaN,0.291759,NaN
1361491200,NaN,0.289784,NaN
1361577600,NaN,0.287808,NaN
1361664000,NaN,0.285832,NaN
1361750400,NaN,0.283856,NaN
1361836800,0.255638,0.281881,-0.026242
1361923200,NaN,0.279905,NaN
1362009600,0.239726,0.277929,-0.038203
1362096000,NaN,0.275953,NaN
1362182400,NaN,0.273977,NaN
1362268800,0.292230,0.272002,0.020228
1362355200,NaN,0.270026,NaN
1362441600,NaN,0.268050,NaN
1362528000,0.436884,0.266074,0.170810
1362614400,0.255478,0.264098,-0.008621
1362700800,NaN,0.262123,NaN
1362787200,NaN,0.260147,NaN
1362873600,NaN,0.258171,NaN
1362960000,NaN,0.256195,NaN
1363046400,NaN,0.254220,NaN
1363132800,0.423999,0.252244,0.171755
1363219200,0.472332,0.250268,0.222064
1363305600,0.554569,0.248292,0.306277
1363392000,0.351665,0.245184,0.106481
1363478400,NaN,0.242075,NaN
1363564800,NaN,0.238967,NaN
1363651200,NaN,0.235858,NaN
1363737600,NaN,0.232750,NaN
1363824000,NaN,0.229641,NaN
1363910400,NaN,0.226533,NaN
1363996800,NaN,0.223424,NaN
1364083200,NaN,0.220316,NaN
1364169600,0.407603,0.217207,0.190396
1364256000,0.365373,0.214099,0.151275
1364342400,NaN,0.210990,NaN
1364428800,NaN,0.207882,NaN
1364515200,0.299217,0.204773,0.094444
1364601600,NaN,0.201665,NaN
1364688000,0.203552,0.198556,0.004996
1364774400,0.170513,0.195448,-0.024934
1364860800,NaN,0.192339,NaN
1364947200,NaN,0.189231,NaN
1365033600,NaN,0.186122,NaN
1365120000,NaN,0.183014,NaN
1365206400,NaN,0.179905,NaN
1365292800,0.161797,0.176797,-0.014999
1365379200,NaN,0.173688,NaN
1365465600,NaN,0.170580,NaN
1365552000,NaN,0.167471,NaN
1365638400,NaN,0.164363,NaN
1365724800,NaN,0.161254,NaN
1365811200,NaN,0.158146,NaN
1365897600,0.222992,0.155037,0.067955
1365984000,NaN,0.151929,NaN
1366070400,NaN,0.151091,NaN
1366156800,NaN,0.150253,NaN
1366243200,NaN,0.149415,NaN
1366329600,NaN,0.148578,NaN
1366416000,NaN,0.147740,NaN
1366502400,NaN,0.146902,NaN
1366588800,NaN,0.146065,NaN
1366675200,NaN,0.145227,NaN
1366761600,NaN,0.144389,NaN
1366848000,NaN,0.143552,NaN
1366934400,NaN,0.142714,NaN
1367020800,NaN,0.141876,NaN
1367107200,NaN,0.141039,NaN
1367193600,NaN,0.140201,NaN
1367280000,NaN,0.139363,NaN
1367366400,NaN,0.138526,NaN
1367452800,NaN,0.137688,NaN
1367539200,NaN,0.136850,NaN
1367625600,0.160061,0.136013,0.024049
1367712000,0.129072,0.135175,-0.006103
1367798400,NaN,0.134337,NaN
1367884800,0.168485,0.133499,0.034986
1367971200,NaN,0.132662,NaN
1368057600,NaN,0.131824,NaN
1368144000,NaN,0.130986,NaN
1368230400,NaN,0.130149,NaN
1368316800,NaN,0.129311,NaN
1368403200,NaN,0.128473,NaN
1368489600,NaN,0.127636,NaN
1368576000,NaN,0.126798,NaN
1368662400,0.114724,0.127595,-0.012871
1368748800,NaN,0.128391,NaN
1368835200,0.102739,0.129188,-0.026449
1368921600,NaN,0.129984,NaN
1369008000,0.120145,0.130781,-0.010636
1369094400,NaN,0.131577,NaN
1369180800,NaN,0.132374,NaN
1369267200,NaN,0.133170,NaN
1369353600,NaN,0.133967,NaN
1369440000,NaN,0.134763,NaN
1369526400,NaN,0.135560,NaN
1369612800,0.125299,0.136356,-0.011057
1369699200,NaN,0.137153,NaN
1369785600,0.114057,0.137949,-0.023892
1369872000,NaN,0.138746,NaN
1369958400,NaN,0.139542,NaN
1370044800,0.125585,0.140339,-0.014754
1370131200,NaN,0.141135,NaN
1370217600,NaN,0.141932,NaN
1370304000,NaN,0.142728,NaN
1370390400,NaN,0.143525,NaN
1370476800,0.136631,0.144321,-0.007690
1370563200,NaN,0.145117,NaN
1370649600,NaN,0.145914,NaN
1370736000,NaN,0.146710,NaN
1370822400,NaN,0.147507,NaN
1370908800,NaN,0.148303,NaN
1370995200,0.232228,0.149100,0.083128
1371081600,NaN,0.149896,NaN
1371168000,NaN,0.150693,NaN
1371254400,NaN,0.151489,NaN
1371340800,NaN,0.156499,NaN
1371427200,NaN,0.161508,NaN
1371513600,NaN,0.166517,NaN
1371600000,0.654860,0.171526,0.483334
1371686400,NaN,0.176535,NaN
1371772800,0.140470,0.181544,-0.041074
1371859200,NaN,0.186553,NaN
1371945600,NaN,0.191562,NaN
1372032000,NaN,0.196571,NaN
1372118400,NaN,0.201580,NaN
1372204800,NaN,0.206589,NaN
1372291200,NaN,0.211598,NaN
1372377600,0.256385,0.216607,0.039778
1372464000,NaN,0.221616,NaN
1372550400,NaN,0.226625,NaN
1372636800,NaN,0.231634,NaN
1372723200,NaN,0.236643,NaN
1372809600,NaN,0.241653,NaN
1372896000,NaN,0.246662,NaN
1372982400,NaN,0.251671,NaN
1373068800,NaN,0.256680,NaN
1373155200,NaN,0.261689,NaN
1373241600,NaN,0.266698,NaN
1373328000,NaN,0.271707,NaN
1373414400,NaN,0.276716,NaN
1373500800,NaN,0.281725,NaN
1373587200,NaN,0.286734,NaN
1373673600,0.351648,0.291743,0.059905
1373760000,NaN,0.296752,NaN
1373846400,NaN,0.301761,NaN
1373932800,NaN,0.298732,NaN
1374019200,NaN,0.295703,NaN
1374105600,NaN,0.292674,NaN
1374192000,NaN,0.289645,NaN
1374278400,NaN,0.286616,NaN
1374364800,NaN,0.283586,NaN
1374451200,NaN,0.280557,NaN
1374537600,NaN,0.277528,NaN
1374624000,NaN,0.274499,NaN
1374710400,NaN,0.271470,NaN
1374796800,NaN,0.268441,NaN
1374883200,NaN,0.265412,NaN
1374969600,0.701976,0.262383,0.439593
1375056000,0.350443,0.259353,0.091090
1375142400,NaN,0.256324,NaN
1375228800,0.227147,0.253295,-0.026148
1375315200,NaN,0.250266,NaN
1375401600,NaN,0.247237,NaN
1375488000,NaN,0.244208,NaN
1375574400,NaN,0.241179,NaN
1375660800,NaN,0.238150,NaN
1375747200,NaN,0.235120,NaN
1375833600,NaN,0.232091,NaN
1375920000,0.182256,0.229062,-0.046806
1376006400,NaN,0.226033,NaN
1376092800,NaN,0.223004,NaN
1376179200,NaN,0.219975,NaN
1376265600,NaN,0.216946,NaN
1376352000,0.204252,0.213917,-0.009664
1376438400,NaN,0.210887,NaN
1376524800,NaN,0.207858,NaN
1376611200,NaN,0.205716,NaN
1376697600,NaN,0.203573,NaN
1376784000,NaN,0.201431,NaN
1376870400,NaN,0.199288,NaN
1376956800,NaN,0.197146,NaN
1377043200,NaN,0.195003,NaN
1377129600,NaN,0.192861,NaN
1377216000,NaN,0.190718,NaN
1377302400,NaN,0.188576,NaN
1377388800,NaN,0.186433,NaN
1377475200,NaN,0.184291,NaN
1377561600,0.082382,0.182148,-0.099766
1377648000,NaN,0.180006,NaN
1377734400,0.079373,0.177863,-0.098490
1377820800,NaN,0.175721,NaN
1377907200,0.085281,0.173578,-0.088298
1377993600,0.079066,0.171436,-0.092370
1378080000,NaN,0.169293,NaN
1378166400,NaN,0.167151,NaN
1378252800,NaN,0.165008,NaN
1378339200,0.079619,0.162866,-0.083247
1378425600,NaN,0.160723,NaN
1378512000,NaN,0.158581,NaN
1378598400,NaN,0.156438,NaN
1378684800,NaN,0.154295,NaN
1378771200,NaN,0.152153,NaN
1378857600,NaN,0.150010,NaN
1378944000,NaN,0.147868,NaN
1379030400,NaN,0.145725,NaN
1379116800,NaN,0.143583,NaN
1379203200,NaN,0.141440,NaN
1379289600,NaN,0.142435,NaN
1379376000,NaN,0.143429,NaN
1379462400,NaN,0.144423,NaN
1379548800,NaN,0.145418,NaN
1379635200,NaN,0.146412,NaN
1379721600,NaN,0.147406,NaN
1379808000,NaN,0.148401,NaN
1379894400,NaN,0.149395,NaN
1379980800,NaN,0.150389,NaN
1380067200,0.176858,0.151384,0.025474
1380153600,0.138927,0.152378,-0.013451
1380240000,0.144784,0.153372,-0.008588
1380326400,NaN,0.154367,NaN
1380412800,0.099752,0.155361,-0.055609
1380499200,NaN,0.156355,NaN
1380585600,NaN,0.157350,NaN
1380672000,0.100219,0.158344,-0.058125
1380758400,NaN,0.159338,NaN
1380844800,0.093214,0.160333,-0.067119
1380931200,NaN,0.161327,NaN
1381017600,NaN,0.162321,NaN
1381104000,0.252911,0.163316,0.089595
1381190400,0.508143,0.164310,0.343833
1381276800,NaN,0.165304,NaN
1381363200,NaN,0.166299,NaN
1381449600,0.101322,0.167293,-0.065972
1381536000,NaN,0.168287,NaN
1381622400,0.081141,0.169282,-0.088141
1381708800,NaN,0.170276,NaN
1381795200,NaN,0.171270,NaN
1381881600,NaN,0.172509,NaN
1381968000,NaN,0.173748,NaN
1382054400,NaN,0.174987,NaN
1382140800,NaN,0.176226,NaN
1382227200,NaN,0.177464,NaN
1382313600,NaN,0.178703,NaN
1382400000,NaN,0.179942,NaN
1382486400,0.144699,0.181181,-0.036482
1382572800,0.139881,0.182420,-0.042538
1382659200,NaN,0.183658,NaN
1382745600,0.141103,0.184897,-0.043794
1382832000,0.240204,0.186136,0.054068
1382918400,NaN,0.187375,NaN
1383004800,NaN,0.188614,NaN
1383091200,NaN,0.189852,NaN
1383177600,NaN,0.191091,NaN
1383264000,NaN,0.192330,NaN
1383350400,0.223862,0.193569,0.030293
1383436800,NaN,0.194808,NaN
1383523200,NaN,0.196046,NaN
1383609600,NaN,0.197285,NaN
1383696000,NaN,0.198524,NaN
1383782400,NaN,0.199763,NaN
1383868800,NaN,0.201002,NaN
1383955200,NaN,0.202240,NaN
1384041600,NaN,0.203479,NaN
1384128000,NaN,0.204718,NaN
1384214400,NaN,0.205957,NaN
1384300800,NaN,0.207196,NaN
1384387200,NaN,0.208434,NaN
1384473600,NaN,0.209673,NaN
1384560000,0.182475,0.213067,-0.030593
1384646400,NaN,0.216461,NaN
1384732800,NaN,0.219855,NaN
1384819200,NaN,0.223249,NaN
1384905600,NaN,0.226643,NaN
1384992000,0.200441,0.230037,-0.029597
1385078400,NaN,0.233432,NaN
1385164800,NaN,0.236826,NaN
1385251200,NaN,0.240220,NaN
1385337600,NaN,0.243614,NaN
1385424000,NaN,0.247008,NaN
1385510400,NaN,0.250402,NaN
1385596800,NaN,0.253796,NaN
1385683200,0.535407,0.257190,0.278217
1385769600,0.339283,0.260584,0.078699
1385856000,NaN,0.263978,NaN
1385942400,NaN,0.267372,NaN
1386028800,0.296345,0.270766,0.025579
1386115200,NaN,0.274160,NaN
1386201600,NaN,0.277554,NaN
1386288000,NaN,0.280948,NaN
1386374400,NaN,0.284343,NaN
1386460800,NaN,0.287737,NaN
1386547200,NaN,0.291131,NaN
1386633600,NaN,0.294525,NaN
1386720000,NaN,0.297919,NaN
1386806400,NaN,0.301313,NaN
1386892800,NaN,0.304707,NaN
1386979200,NaN,0.308101,NaN
1387065600,NaN,0.311495,NaN
1387152000,0.342671,0.312086,0.030585
1387238400,0.479873,0.312677,0.167196
1387324800,0.455710,0.313268,0.142442
1387411200,0.224393,0.313858,-0.089466
1387497600,NaN,0.314449,NaN
1387584000,NaN,0.315040,NaN
1387670400,NaN,0.315631,NaN
1387756800,NaN,0.316222,NaN
1387843200,NaN,0.316812,NaN
1387929600,NaN,0.317403,NaN
1388016000,NaN,0.317994,NaN
1388102400,NaN,0.318585,NaN
1388188800,NaN,0.319176,NaN
1388275200,0.294780,0.319767,-0.024987
1388361600,NaN,0.320357,NaN
1388448000,NaN,0.320948,NaN
1388534400,NaN,0.321539,NaN
1388620800,NaN,0.322130,NaN
1388707200,NaN,0.322721,NaN
1388793600,NaN,0.323311,NaN
1388880000,NaN,0.323902,NaN
1388966400,NaN,0.324493,NaN
1389052800,NaN,0.325084,NaN
1389139200,0.287343,0.325675,-0.038332
1389225600,NaN,0.326266,NaN
1389312000,NaN,0.326856,NaN
1389398400,0.423479,0.327447,0.096032
1389484800,0.507447,0.328038,0.179409
1389571200,0.259566,0.328629,-0.069062
1389657600,0.485799,0.329220,0.156580
1389744000,0.396684,0.329811,0.066873
1389830400,0.472892,0.328965,0.143927
1389916800,0.430434,0.328120,0.102314
1390003200,0.495069,0.327275,0.167794
1390089600,0.598129,0.326430,0.271699
1390176000,NaN,0.325585,NaN
1390262400,0.576006,0.324740,0.251266
1390348800,0.460370,0.323895,0.136475
1390435200,NaN,0.323050,NaN
1390521600,NaN,0.322205,NaN
1390608000,NaN,0.321360,NaN
1390694400,0.335467,0.320515,0.014952
1390780800,NaN,0.319670,NaN
1390867200,NaN,0.318825,NaN
1390953600,NaN,0.317980,NaN
1391040000,NaN,0.317135,NaN
1391126400,0.284959,0.316290,-0.031331
1391212800,NaN,0.315445,NaN
1391299200,NaN,0.314600,NaN
1391385600,NaN,0.313755,NaN
1391472000,NaN,0.312910,NaN
1391558400,NaN,0.312065,NaN
1391644800,NaN,0.311220,NaN
1391731200,NaN,0.310375,NaN
1391817600,NaN,0.309529,NaN
1391904000,0.208105,0.308684,-0.100579
1391990400,NaN,0.307839,NaN
1392076800,NaN,0.306994,NaN
1392163200,NaN,0.306149,NaN
1392249600,NaN,0.305304,NaN
1392336000,NaN,0.304459,NaN
1392422400,0.312134,0.303614,0.008519
1392508800,NaN,0.301638,NaN
1392595200,NaN,0.299663,NaN
1392681600,NaN,0.297687,NaN
1392768000,0.308415,0.295711,0.012704
1392854400,0.418286,0.293735,0.124551
1392940800,0.409519,0.291759,0.117760
1393027200,NaN,0.289784,NaN
1393113600,NaN,0.287808,NaN
1393200000,NaN,0.285832,NaN
1393286400,NaN,0.283856,NaN
1393372800,NaN,0.281881,NaN
1393459200,NaN,0.279905,NaN
1393545600,NaN,0.277929,NaN
1393632000,0.245708,0.275953,-0.030245
1393718400,0.255434,0.273977,-0.018543
1393804800,NaN,0.272002,NaN
1393891200,NaN,0.270026,NaN
1393977600,NaN,0.268050,NaN
1394064000,NaN,0.266074,NaN
1394150400,NaN,0.264098,NaN
1394236800,NaN,0.262123,NaN
1394323200,NaN,0.260147,NaN
1394409600,NaN,0.258171,NaN
1394496000,NaN,0.256195,NaN
1394582400,NaN,0.254220,NaN
1394668800,0.278889,0.252244,0.026646
1394755200,NaN,0.250268,NaN
1394841600,NaN,0.248292,NaN
1394928000,NaN,0.245184,NaN
1395014400,NaN,0.242075,NaN
1395100800,0.225139,0.238967,-0.013828
1395187200,0.269578,0.235858,0.033720
1395273600,0.329818,0.232750,0.097069
1395360000,NaN,0.229641,NaN
1395446400,NaN,0.226533,NaN
1395532800,NaN,0.223424,NaN
1395619200,NaN,0.220316,NaN
1395705600,NaN,0.217207,NaN
1395792000,NaN,0.214099,NaN
1395878400,NaN,0.210990,NaN
1395964800,NaN,0.207882,NaN
1396051200,NaN,0.204773,NaN
1396137600,NaN,0.201665,NaN
1396224000,NaN,0.198556,NaN
1396310400,NaN,0.195448,NaN
1396396800,NaN,0.192339,NaN
1396483200,NaN,0.189231,NaN
1396569600,0.110061,0.186122,-0.076061
1396656000,NaN,0.183014,NaN
1396742400,NaN,0.179905,NaN
1396828800,NaN,0.176797,NaN
1396915200,NaN,0.173688,NaN
1397001600,NaN,0.170580,NaN
1397088000,NaN,0.167471,NaN
1397174400,0.137500,0.164363,-0.026862
1397260800,0.126818,0.161254,-0.034436
1397347200,NaN,0.158146,NaN
1397433600,NaN,0.155037,NaN
1397520000,NaN,0.151929,NaN
1397606400,NaN,0.151091,NaN
1397692800,NaN,0.150253,NaN
1397779200,NaN,0.149415,NaN
1397865600,0.149201,0.148578,0.000623
1397952000,NaN,0.147740,NaN
1398038400,NaN,0.146902,NaN
1398124800,NaN,0.146065,NaN
1398211200,NaN,0.145227,NaN
1398297600,0.102696,0.144389,-0.041694
1398384000,NaN,0.143552,NaN
1398470400,NaN,0.142714,NaN
1398556800,NaN,0.141876,NaN
1398643200,NaN,0.141039,NaN
1398729600,NaN,0.140201,NaN
1398816000,NaN,0.139363,NaN
1398902400,NaN,0.138526,NaN
1398988800,NaN,0.137688,NaN
1399075200,0.121557,0.136850,-0.015293
1399161600,NaN,0.136013,NaN
1399248000,NaN,0.135175,NaN
1399334400,0.080678,0.134337,-0.053660
1399420800,NaN,0.133499,NaN
1399507200,NaN,0.132662,NaN
1399593600,NaN,0.131824,NaN
1399680000,NaN,0.130986,NaN
1399766400,NaN,0.130149,NaN
1399852800,NaN,0.129311,NaN
1399939200,NaN,0.128473,NaN
1400025600,NaN,0.127636,NaN
1400112000,0.097708,0.126798,-0.029090
1400198400,0.090375,0.127595,-0.037219
1400284800,NaN,0.128391,NaN
1400371200,NaN,0.129188,NaN
1400457600,NaN,0.129984,NaN
1400544000,NaN,0.130781,NaN
1400630400,0.077521,0.131577,-0.054056
1400716800,0.078867,0.132374,-0.053507
1400803200,NaN,0.133170,NaN
1400889600,0.063092,0.133967,-0.070875
1400976000,NaN,0.134763,NaN
1401062400,NaN,0.135560,NaN
1401148800,NaN,0.136356,NaN
1401235200,NaN,0.137153,NaN
1401321600,NaN,0.137949,NaN
1401408000,NaN,0.138746,NaN
1401494400,NaN,0.139542,NaN
1401580800,NaN,0.140339,NaN
1401667200,NaN,0.141135,NaN
1401753600,NaN,0.141932,NaN
1401840000,NaN,0.142728,NaN
1401926400,NaN,0.143525,NaN
1402012800,NaN,0.144321,NaN
1402099200,NaN,0.145117,NaN
1402185600,NaN,0.145914,NaN
1402272000,0.113385,0.146710,-0.033326
1402358400,NaN,0.147507,NaN
1402444800,NaN,0.148303,NaN
1402531200,NaN,0.149100,NaN
1402617600,NaN,0.149896,NaN
1402704000,0.112070,0.150693,-0.038623
1402790400,NaN,0.151489,NaN
1402876800,NaN,0.156499,NaN
1402963200,0.091231,0.161508,-0.070277
1403049600,NaN,0.166517,NaN
1403136000,NaN,0.171526,NaN
1403222400,NaN,0.176535,NaN
1403308800,0.129582,0.181544,-0.051962
1403395200,NaN,0.186553,NaN
1403481600,NaN,0.191562,NaN
1403568000,NaN,0.196571,NaN
1403654400,NaN,0.201580,NaN
1403740800,NaN,0.206589,NaN
1403827200,NaN,0.211598,NaN
1403913600,NaN,0.216607,NaN
1404000000,NaN,0.221616,NaN
1404086400,NaN,0.226625,NaN
1404172800,NaN,0.231634,NaN
1404259200,NaN,0.236643,NaN
1404345600,NaN,0.241653,NaN
1404432000,NaN,0.246662,NaN
1404518400,NaN,0.251671,NaN
1404604800,0.114055,0.256680,-0.142625
1404691200,NaN,0.261689,NaN
1404777600,0.125224,0.266698,-0.141474
1404864000,0.118320,0.271707,-0.153387
1404950400,0.563418,0.276716,0.286702
1405036800,NaN,0.281725,NaN
1405123200,NaN,0.286734,NaN
1405209600,NaN,0.291743,NaN
1405296000,NaN,0.296752,NaN
1405382400,0.086111,0.301761,-0.215650
1405468800,0.126197,0.298732,-0.172535
1405555200,NaN,0.295703,NaN
1405641600,NaN,0.292674,NaN
1405728000,NaN,0.289645,NaN
1405814400,NaN,0.286616,NaN
1405900800,NaN,0.283586,NaN
1405987200,NaN,0.280557,NaN
1406073600,NaN,0.277528,NaN
1406160000,NaN,0.274499,NaN
1406246400,NaN,0.271470,NaN
1406332800,NaN,0.268441,NaN
1406419200,0.140244,0.265412,-0.125168
1406505600,NaN,0.262383,NaN
1406592000,NaN,0.259353,NaN
1406678400,NaN,0.256324,NaN
1406764800,NaN,0.253295,NaN
1406851200,NaN,0.250266,NaN
1406937600,NaN,0.247237,NaN
1407024000,NaN,0.244208,NaN
1407110400,NaN,0.241179,NaN
1407196800,NaN,0.238150,NaN
1407283200,NaN,0.235120,NaN
1407369600,NaN,0.232091,NaN
1407456000,NaN,0.229062,NaN
1407542400,0.195656,0.226033,-0.030377
1407628800,0.136531,0.223004,-0.086473
1407715200,0.103984,0.219975,-0.115991
1407801600,NaN,0.216946,NaN
1407888000,NaN,0.213917,NaN
1407974400,NaN,0.210887,NaN
1408060800,NaN,0.207858,NaN
1408147200,0.133948,0.205716,-0.071768
1408233600,NaN,0.203573,NaN
1408320000,0.101050,0.201431,-0.100381
1408406400,NaN,0.199288,NaN
1408492800,NaN,0.197146,NaN
1408579200,NaN,0.195003,NaN
1408665600,NaN,0.192861,NaN
1408752000,0.159497,0.190718,-0.031221
1408838400,NaN,0.188576,NaN
1408924800,NaN,0.186433,NaN
1409011200,NaN,0.184291,NaN
1409097600,NaN,0.182148,NaN
1409184000,NaN,0.180006,NaN
1409270400,NaN,0.177863,NaN
1409356800,NaN,0.175721,NaN
1409443200,NaN,0.173578,NaN
1409529600,NaN,0.171436,NaN
1409616000,NaN,0.169293,NaN
1409702400,0.089703,0.167151,-0.077448
1409788800,NaN,0.165008,NaN
1409875200,0.085704,0.162866,-0.077161
1409961600,NaN,0.160723,NaN
1410048000,NaN,0.158581,NaN
1410134400,NaN,0.156438,NaN
1410220800,NaN,0.154295,NaN
1410307200,0.097823,0.152153,-0.054330
1410393600,0.085407,0.150010,-0.064603
1410480000,0.095332,0.147868,-0.052536
1410566400,NaN,0.145725,NaN
1410652800,NaN,0.143583,NaN
1410739200,NaN,0.141440,NaN
1410825600,NaN,0.142435,NaN
1410912000,NaN,0.143429,NaN
1410998400,NaN,0.144423,NaN
1411084800,NaN,0.145418,NaN
1411171200,NaN,0.146412,NaN
1411257600,0.116632,0.147406,-0.030774
1411344000,NaN,0.148401,NaN
1411430400,NaN,0.149395,NaN
1411516800,NaN,0.150389,NaN
1411603200,NaN,0.151384,NaN
1411689600,NaN,0.152378,NaN
1411776000,NaN,0.153372,NaN
1411862400,NaN,0.154367,NaN
1411948800,NaN,0.155361,NaN
1412035200,0.100577,0.156355,-0.055778
1412121600,NaN,0.157350,NaN
1412208000,NaN,0.158344,NaN
1412294400,0.106864,0.159338,-0.052475
1412380800,0.107267,0.160333,-0.053066
1412467200,NaN,0.161327,NaN
1412553600,NaN,0.162321,NaN
1412640000,0.119607,0.163316,-0.043709
1412726400,NaN,0.164310,NaN
1412812800,0.126119,0.165304,-0.039185
1412899200,0.121264,0.166299,-0.045035
1412985600,0.092858,0.167293,-0.074435
1413072000,0.085649,0.168287,-0.082638
1413158400,NaN,0.169282,NaN
1413244800,0.131162,0.170276,-0.039114
1413331200,0.127404,0.171270,-0.043867
1413417600,0.114688,0.172509,-0.057822
1413504000,NaN,0.173748,NaN
1413590400,NaN,0.174987,NaN
1413676800,NaN,0.176226,NaN
1413763200,NaN,0.177464,NaN
1413849600,0.141763,0.178703,-0.036940
1413936000,NaN,0.179942,NaN
1414022400,0.110936,0.181181,-0.070245
1414108800,NaN,0.182420,NaN
1414195200,0.128320,0.183658,-0.055338
1414281600,NaN,0.184897,NaN
1414368000,0.112590,0.186136,-0.073545
1414454400,NaN,0.187375,NaN
1414540800,NaN,0.188614,NaN
1414627200,NaN,0.189852,NaN
1414713600,NaN,0.191091,NaN
1414800000,0.150971,0.192330,-0.041359
1414886400,NaN,0.193569,NaN
1414972800,NaN,0.194808,NaN
1415059200,0.123415,0.196046,-0.072632
1415145600,NaN,0.197285,NaN
1415232000,NaN,0.198524,NaN
1415318400,NaN,0.199763,NaN
1415404800,NaN,0.201002,NaN
1415491200,NaN,0.202240,NaN
1415577600,NaN,0.203479,NaN
1415664000,NaN,0.204718,NaN
1415750400,NaN,0.205957,NaN
1415836800,NaN,0.207196,NaN
1415923200,NaN,0.208434,NaN
1416009600,NaN,0.209673,NaN
1416096000,NaN,0.213067,NaN
1416182400,NaN,0.216461,NaN
1416268800,NaN,0.219855,NaN
1416355200,NaN,0.223249,NaN
1416441600,NaN,0.226643,NaN
1416528000,NaN,0.230037,NaN
1416614400,NaN,0.233432,NaN
1416700800,NaN,0.236826,NaN
1416787200,NaN,0.240220,NaN
1416873600,NaN,0.243614,NaN
1416960000,0.230914,0.247008,-0.016094
1417046400,0.231047,0.250402,-0.019355
1417132800,0.240183,0.253796,-0.013613
1417219200,NaN,0.257190,NaN
1417305600,NaN,0.260584,NaN
1417392000,0.208032,0.263978,-0.055947
1417478400,NaN,0.267372,NaN
1417564800,NaN,0.270766,NaN
1417651200,0.173966,0.274160,-0.100195
1417737600,0.204805,0.277554,-0.072750
1417824000,0.192364,0.280948,-0.088585
1417910400,NaN,0.284343,NaN
1417996800,NaN,0.287737,NaN
1418083200,0.230716,0.291131,-0.060414
1418169600,0.316583,0.294525,0.022058
1418256000,NaN,0.297919,NaN
1418342400,0.239489,0.301313,-0.061824
1418428800,NaN,0.304707,NaN
1418515200,NaN,0.308101,NaN
1418601600,NaN,0.311495,NaN
1418688000,0.279256,0.312086,-0.032830
1418774400,NaN,0.312677,NaN
1418860800,NaN,0.313268,NaN
1418947200,NaN,0.313858,NaN
1419033600,NaN,0.314449,NaN
1419120000,NaN,0.315040,NaN
1419206400,NaN,0.315631,NaN
1419292800,NaN,0.316222,NaN
1419379200,NaN,0.316812,NaN
1419465600,NaN,0.317403,NaN
1419552000,NaN,0.317994,NaN
1419638400,NaN,0.318585,NaN
1419724800,NaN,0.319176,NaN
1419811200,NaN,0.319767,NaN
1419897600,NaN,0.320357,NaN
1419984000,NaN,0.320948,NaN
1420070400,NaN,0.321539,NaN
1420156800,NaN,0.322130,NaN
1420243200,NaN,0.322721,NaN
1420329600,NaN,0.323311,NaN
1420416000,NaN,0.323902,NaN
1420502400,NaN,0.324493,NaN
1420588800,NaN,0.325084,NaN
1420675200,NaN,0.325675,NaN
1420761600,NaN,0.326266,NaN
1420848000,NaN,0.326856,NaN
1420934400,NaN,0.327447,NaN
1421020800,NaN,0.328038,NaN
1421107200,NaN,0.328629,NaN
1421193600,NaN,0.329220,NaN
1421280000,NaN,0.329811,NaN
1421366400,NaN,0.328965,NaN
1421452800,0.253411,0.328120,-0.074709
1421539200,NaN,0.327275,NaN
1421625600,NaN,0.326430,NaN
1421712000,NaN,0.325585,NaN
1421798400,NaN,0.324740,NaN
1421884800,NaN,0.323895,NaN
1421971200,NaN,0.323050,NaN
1422057600,0.338043,0.322205,0.015838
1422144000,NaN,0.321360,NaN
1422230400,NaN,0.320515,NaN
1422316800,0.305532,0.319670,-0.014138
1422403200,NaN,0.318825,NaN
1422489600,0.464285,0.317980,0.146305
1422576000,NaN,0.317135,NaN
1422662400,NaN,0.316290,NaN
1422748800,NaN,0.315445,NaN
1422835200,NaN,0.314600,NaN
1422921600,NaN,0.313755,NaN
1423008000,NaN,0.312910,NaN
1423094400,0.341376,0.312065,0.029312
1423180800,NaN,0.311220,NaN
1423267200,0.246339,0.310375,-0.064036
1423353600,NaN,0.309529,NaN
1423440000,NaN,0.308684,NaN
1423526400,0.186043,0.307839,-0.121797
1423612800,0.233121,0.306994,-0.073873
1423699200,0.220485,0.306149,-0.085665
1423785600,NaN,0.305304,NaN
1423872000,0.237063,0.304459,-0.067397
1423958400,NaN,0.303614,NaN
1424044800,NaN,0.301638,NaN
1424131200,NaN,0.299663,NaN
1424217600,0.217319,0.297687,-0.080368
1424304000,0.220116,0.295711,-0.075595
1424390400,NaN,0.293735,NaN
1424476800,NaN,0.291759,NaN
1424563200,NaN,0.289784,NaN
1424649600,NaN,0.287808,NaN
1424736000,NaN,0.285832,NaN
1424822400,NaN,0.283856,NaN
1424908800,NaN,0.281881,NaN
1424995200,NaN,0.279905,NaN
1425081600,NaN,0.277929,NaN
1425168000,NaN,0.275953,NaN
1425254400,0.231561,0.273977,-0.042416
1425340800,0.166795,0.272002,-0.105207
1425427200,0.161181,0.270026,-0.108845
1425513600,NaN,0.268050,NaN
1425600000,NaN,0.266074,NaN
1425686400,NaN,0.264098,NaN
1425772800,NaN,0.262123,NaN
1425859200,NaN,0.260147,NaN
1425945600,NaN,0.258171,NaN
1426032000,NaN,0.256195,NaN
1426118400,NaN,0.254220,NaN
1426204800,NaN,0.252244,NaN
1426291200,NaN,0.250268,NaN
1426377600,NaN,0.248292,NaN
1426464000,NaN,0.245184,NaN
1426550400,NaN,0.242075,NaN
1426636800,NaN,0.238967,NaN
1426723200,0.146480,0.235858,-0.089378
1426809600,NaN,0.232750,NaN
1426896000,NaN,0.229641,NaN
1426982400,NaN,0.226533,NaN
1427068800,NaN,0.223424,NaN
1427155200,NaN,0.220316,NaN
1427241600,NaN,0.217207,NaN
1427328000,NaN,0.214099,NaN
1427414400,NaN,0.210990,NaN
1427500800,0.293065,0.207882,0.085183
1427587200,0.235799,0.204773,0.031026
1427673600,0.150167,0.201665,-0.051498
1427760000,0.133886,0.198556,-0.064670
1427846400,NaN,0.195448,NaN
1427932800,NaN,0.192339,NaN
1428019200,NaN,0.189231,NaN
1428105600,NaN,0.186122,NaN
1428192000,NaN,0.183014,NaN
1428278400,NaN,0.179905,NaN
1428364800,0.104610,0.176797,-0.072187
1428451200,NaN,0.173688,NaN
1428537600,NaN,0.170580,NaN
1428624000,NaN,0.167471,NaN
1428710400,NaN,0.164363,NaN
1428796800,NaN,0.161254,NaN
1428883200,NaN,0.158146,NaN
1428969600,NaN,0.155037,NaN
1429056000,NaN,0.151929,NaN
1429142400,NaN,0.151091,NaN
1429228800,0.152075,0.150253,0.001822
1429315200,NaN,0.149415,NaN
1429401600,NaN,0.148578,NaN
1429488000,0.133569,0.147740,-0.014171
1429574400,NaN,0.146902,NaN
1429660800,NaN,0.146065,NaN
1429747200,NaN,0.145227,NaN
1429833600,NaN,0.144389,NaN
1429920000,NaN,0.143552,NaN
1430006400,NaN,0.142714,NaN
1430092800,NaN,0.141876,NaN
1430179200,NaN,0.141039,NaN
1430265600,NaN,0.140201,NaN
1430352000,0.160167,0.139363,0.020803
1430438400,0.107690,0.138526,-0.030835
1430524800,0.096702,0.137688,-0.040986
1430611200,0.097330,0.136850,-0.039520
1430697600,NaN,0.136013,NaN
1430784000,NaN,0.135175,NaN
1430870400,NaN,0.134337,NaN
1430956800,NaN,0.133499,NaN
1431043200,0.100935,0.132662,-0.031727
1431129600,NaN,0.131824,NaN
1431216000,0.088750,0.130986,-0.042236
1431302400,NaN,0.130149,NaN
1431388800,NaN,0.129311,NaN
1431475200,NaN,0.128473,NaN
1431561600,NaN,0.127636,NaN
1431648000,NaN,0.126798,NaN
1431734400,NaN,0.127595,NaN
1431820800,NaN,0.128391,NaN
1431907200,NaN,0.129188,NaN
1431993600,NaN,0.129984,NaN
1432080000,NaN,0.130781,NaN
1432166400,NaN,0.131577,NaN
1432252800,NaN,0.132374,NaN
1432339200,NaN,0.133170,NaN
1432425600,NaN,0.133967,NaN
1432512000,NaN,0.134763,NaN
1432598400,0.097878,0.135560,-0.037681
1432684800,NaN,0.136356,NaN
1432771200,NaN,0.137153,NaN
1432857600,NaN,0.137949,NaN
1432944000,NaN,0.138746,NaN
1433030400,NaN,0.139542,NaN
1433116800,NaN,0.140339,NaN
1433203200,0.096290,0.141135,-0.044845
1433289600,0.097959,0.141932,-0.043973
1433376000,0.100621,0.142728,-0.042107
1433462400,NaN,0.143525,NaN
1433548800,NaN,0.144321,NaN
1433635200,0.061060,0.145117,-0.084058
1433721600,0.066435,0.145914,-0.079479
1433808000,NaN,0.146710,NaN
1433894400,NaN,0.147507,NaN
1433980800,NaN,0.148303,NaN
1434067200,NaN,0.149100,NaN
1434153600,NaN,0.149896,NaN
1434240000,NaN,0.150693,NaN
1434326400,NaN,0.151489,NaN
1434412800,NaN,0.156499,NaN
1434499200,NaN,0.161508,NaN
1434585600,NaN,0.166517,NaN
1434672000,NaN,0.171526,NaN
1434758400,NaN,0.176535,NaN
1434844800,NaN,0.181544,NaN
1434931200,NaN,0.186553,NaN
1435017600,0.095593,0.191562,-0.095969
1435104000,NaN,0.196571,NaN
1435190400,0.085377,0.201580,-0.116203
1435276800,NaN,0.206589,NaN
1435363200,0.091255,0.211598,-0.120343
1435449600,NaN,0.216607,NaN
1435536000,NaN,0.221616,NaN
1435622400,NaN,0.226625,NaN
1435708800,NaN,0.231634,NaN
1435795200,NaN,0.236643,NaN
1435881600,NaN,0.241653,NaN
1435968000,0.139714,0.246662,-0.106947
1436054400,NaN,0.251671,NaN
1436140800,NaN,0.256680,NaN
1436227200,NaN,0.261689,NaN
1436313600,NaN,0.266698,NaN
1436400000,NaN,0.271707,NaN
1436486400,NaN,0.276716,NaN
1436572800,NaN,0.281725,NaN
1436659200,NaN,0.286734,NaN
1436745600,0.186750,0.291743,-0.104993
1436832000,NaN,0.296752,NaN
1436918400,NaN,0.301761,NaN
1437004800,NaN,0.298732,NaN
1437091200,NaN,0.295703,NaN
1437177600,NaN,0.292674,NaN
1437264000,NaN,0.289645,NaN
1437350400,NaN,0.286616,NaN
1437436800,0.656943,0.283586,0.373356
1437523200,NaN,0.280557,NaN
1437609600,NaN,0.277528,NaN
1437696000,NaN,0.274499,NaN
1437782400,NaN,0.271470,NaN
1437868800,NaN,0.268441,NaN
1437955200,1.088512,0.265412,0.823100
1438041600,1.051983,0.262383,0.789600
1438128000,NaN,0.259353,NaN
1438214400,NaN,0.256324,NaN
1438300800,NaN,0.253295,NaN
1438387200,NaN,0.250266,NaN
1438473600,NaN,0.247237,NaN
1438560000,NaN,0.244208,NaN
1438646400,NaN,0.241179,NaN
1438732800,NaN,0.238150,NaN
1438819200,0.792830,0.235120,0.557710
1438905600,0.835743,0.232091,0.603652
1438992000,NaN,0.229062,NaN
1439078400,NaN,0.226033,NaN
1439164800,NaN,0.223004,NaN
1439251200,NaN,0.219975,NaN
1439337600,NaN,0.216946,NaN
1439424000,0.170271,0.213917,-0.043645
1439510400,NaN,0.210887,NaN
1439596800,NaN,0.207858,NaN
1439683200,NaN,0.205716,NaN
1439769600,NaN,0.203573,NaN
1439856000,NaN,0.201431,NaN
1439942400,NaN,0.199288,NaN
1440028800,0.266537,0.197146,0.069391
1440115200,0.248714,0.195003,0.053711
1440201600,NaN,0.192861,NaN
1440288000,0.183806,0.190718,-0.006912
1440374400,NaN,0.188576,NaN
1440460800,NaN,0.186433,NaN
1440547200,0.176301,0.184291,-0.007990
1440633600,NaN,0.182148,NaN
1440720000,0.080445,0.180006,-0.099561
1440806400,0.131105,0.177863,-0.046758
1440892800,NaN,0.175721,NaN
1440979200,NaN,0.173578,NaN
1441065600,NaN,0.171436,NaN
1441152000,NaN,0.169293,NaN
1441238400,NaN,0.167151,NaN
1441324800,NaN,0.165008,NaN
1441411200,NaN,0.162866,NaN
1441497600,NaN,0.160723,NaN
1441584000,0.145838,0.158581,-0.012743
1441670400,0.171659,0.156438,0.015221
1441756800,NaN,0.154295,NaN
1441843200,NaN,0.152153,NaN
1441929600,NaN,0.150010,NaN
1442016000,NaN,0.147868,NaN
1442102400,NaN,0.145725,NaN
1442188800,NaN,0.143583,NaN
1442275200,NaN,0.141440,NaN
1442361600,0.130083,0.142435,-0.012352
1442448000,0.128638,0.143429,-0.014791
1442534400,NaN,0.144423,NaN
1442620800,NaN,0.145418,NaN
1442707200,0.090897,0.146412,-0.055515
1442793600,NaN,0.147406,NaN
1442880000,NaN,0.148401,NaN
1442966400,NaN,0.149395,NaN
1443052800,NaN,0.150389,NaN
1443139200,NaN,0.151384,NaN
1443225600,NaN,0.152378,NaN
1443312000,NaN,0.153372,NaN
1443398400,0.123809,0.154367,-0.030558
1443484800,0.115775,0.155361,-0.039586
1443571200,0.087407,0.156355,-0.068949
1443657600,0.091950,0.157350,-0.065400
1443744000,0.094773,0.158344,-0.063571
1443830400,NaN,0.159338,NaN
1443916800,NaN,0.160333,NaN
1444003200,NaN,0.161327,NaN
1444089600,0.098341,0.162321,-0.063980
1444176000,0.086908,0.163316,-0.076407
1444262400,0.097307,0.164310,-0.067003
1444348800,NaN,0.165304,NaN
1444435200,NaN,0.166299,NaN
1444521600,0.104658,0.167293,-0.062635
1444608000,0.127305,0.168287,-0.040983
1444694400,NaN,0.169282,NaN
1444780800,0.117977,0.170276,-0.052299
1444867200,0.116045,0.171270,-0.055226
1444953600,0.105923,0.172509,-0.066586
1445040000,NaN,0.173748,NaN
1445126400,0.126151,0.174987,-0.048836
1445212800,NaN,0.176226,NaN
1445299200,NaN,0.177464,NaN
1445385600,NaN,0.178703,NaN
1445472000,NaN,0.179942,NaN
1445558400,NaN,0.181181,NaN
1445644800,NaN,0.182420,NaN
1445731200,NaN,0.183658,NaN
1445817600,NaN,0.184897,NaN
1445904000,NaN,0.186136,NaN
1445990400,NaN,0.187375,NaN
1446076800,NaN,0.188614,NaN
1446163200,NaN,0.189852,NaN
1446249600,NaN,0.191091,NaN
1446336000,NaN,0.192330,NaN
1446422400,0.177222,0.193569,-0.016347
1446508800,NaN,0.194808,NaN
1446595200,0.128189,0.196046,-0.067858
1446681600,0.082618,0.197285,-0.114667
1446768000,NaN,0.198524,NaN
1446854400,NaN,0.199763,NaN
1446940800,NaN,0.201002,NaN
1447027200,NaN,0.202240,NaN
1447113600,NaN,0.203479,NaN
1447200000,NaN,0.204718,NaN
1447286400,NaN,0.205957,NaN
1447372800,NaN,0.207196,NaN
1447459200,NaN,0.208434,NaN
1447545600,NaN,0.209673,NaN
1447632000,0.142774,0.213067,-0.070293
1447718400,NaN,0.216461,NaN
1447804800,NaN,0.219855,NaN
1447891200,NaN,0.223249,NaN
1447977600,NaN,0.226643,NaN
1448064000,NaN,0.230037,NaN
1448150400,NaN,0.233432,NaN
1448236800,0.173876,0.236826,-0.062949
1448323200,0.092854,0.240220,-0.147365
1448409600,NaN,0.243614,NaN
1448496000,NaN,0.247008,NaN
1448582400,NaN,0.250402,NaN
1448668800,NaN,0.253796,NaN
1448755200,0.160698,0.257190,-0.096493
1448841600,NaN,0.260584,NaN
1448928000,NaN,0.263978,NaN
1449014400,NaN,0.267372,NaN
1449100800,NaN,0.270766,NaN
1449187200,0.195434,0.274160,-0.078726
1449273600,NaN,0.277554,NaN
1449360000,NaN,0.280948,NaN
1449446400,NaN,0.284343,NaN
1449532800,0.162866,0.287737,-0.124871
1449619200,0.173485,0.291131,-0.117645
1449705600,0.156473,0.294525,-0.138052
1449792000,NaN,0.297919,NaN
1449878400,NaN,0.301313,NaN
1449964800,NaN,0.304707,NaN
1450051200,NaN,0.308101,NaN
1450137600,NaN,0.311495,NaN
1450224000,NaN,0.312086,NaN
1450310400,NaN,0.312677,NaN
1450396800,0.220867,0.313268,-0.092400
1450483200,NaN,0.313858,NaN
1450569600,NaN,0.314449,NaN
1450656000,NaN,0.315040,NaN
1450742400,NaN,0.315631,NaN
1450828800,NaN,0.316222,NaN
1450915200,NaN,0.316812,NaN
1451001600,NaN,0.317403,NaN
1451088000,NaN,0.317994,NaN
1451174400,NaN,0.318585,NaN
1451260800,NaN,0.319176,NaN
1451347200,NaN,0.319767,NaN
1451433600,NaN,0.320357,NaN
1451520000,NaN,0.320948,NaN
1451606400,NaN,0.321539,NaN
1451692800,NaN,0.322130,NaN
1451779200,NaN,0.322721,NaN
1451865600,0.238677,0.323311,-0.084635
1451952000,NaN,0.323902,NaN
1452038400,NaN,0.324493,NaN
1452124800,NaN,0.325084,NaN
1452211200,NaN,0.325675,NaN
1452297600,NaN,0.326266,NaN
1452384000,NaN,0.326856,NaN
1452470400,NaN,0.327447,NaN
1452556800,NaN,0.328038,NaN
1452643200,NaN,0.328629,NaN
1452729600,NaN,0.329220,NaN
1452816000,NaN,0.329811,NaN
1452902400,NaN,0.328965,NaN
1452988800,NaN,0.328120,NaN
1453075200,0.239849,0.327275,-0.087426
1453161600,NaN,0.326430,NaN
1453248000,NaN,0.325585,NaN
1453334400,NaN,0.324740,NaN
1453420800,NaN,0.323895,NaN
1453507200,0.288668,0.323050,-0.034382
1453593600,NaN,0.322205,NaN
1453680000,NaN,0.321360,NaN
1453766400,NaN,0.320515,NaN
1453852800,NaN,0.319670,NaN
1453939200,0.319605,0.318825,0.000780
1454025600,NaN,0.317980,NaN
1454112000,NaN,0.317135,NaN
1454198400,NaN,0.316290,NaN
1454284800,0.280966,0.315445,-0.034479
1454371200,NaN,0.314600,NaN
1454457600,NaN,0.313755,NaN
1454544000,0.280600,0.312910,-0.032309
1454630400,0.298514,0.312065,-0.013550
1454716800,NaN,0.311220,NaN
1454803200,0.319723,0.310375,0.009349
1454889600,0.468757,0.309529,0.159228
1454976000,0.354016,0.308684,0.045332
1455062400,0.425103,0.307839,0.117263
1455148800,0.383803,0.306994,0.076808
1455235200,0.334537,0.306149,0.028387
1455321600,0.333209,0.305304,0.027905
1455408000,NaN,0.304459,NaN
1455494400,NaN,0.303614,NaN
1455580800,0.302379,0.301638,0.000741
1455667200,0.291464,0.299663,-0.008199
1455753600,0.213374,0.297687,-0.084312
1455840000,NaN,0.295711,NaN
1455926400,0.195694,0.293735,-0.098041
1456012800,NaN,0.291759,NaN
1456099200,NaN,0.289784,NaN
1456185600,NaN,0.287808,NaN
1456272000,NaN,0.285832,NaN
1456358400,0.315267,0.283856,0.031411
1456444800,0.353496,0.281881,0.071616
1456531200,NaN,0.279905,NaN
1456617600,NaN,0.277929,NaN
1456704000,0.546262,0.275953,0.270309
1456790400,0.232235,0.273977,-0.041742
1456876800,NaN,0.272002,NaN
1456963200,NaN,0.270026,NaN
1457049600,0.216008,0.268050,-0.052042
1457136000,NaN,0.266074,NaN
1457222400,0.247689,0.264098,-0.016410
1457308800,NaN,0.262123,NaN
1457395200,NaN,0.260147,NaN
1457481600,NaN,0.258171,NaN
1457568000,NaN,0.256195,NaN
1457654400,NaN,0.254220,NaN
1457740800,NaN,0.252244,NaN
1457827200,NaN,0.250268,NaN
1457913600,NaN,0.248292,NaN
1458000000,0.130510,0.245184,-0.114674
1458086400,NaN,0.242075,NaN
1458172800,NaN,0.238967,NaN
1458259200,NaN,0.235858,NaN
1458345600,NaN,0.232750,NaN
1458432000,NaN,0.229641,NaN
1458518400,NaN,0.226533,NaN
1458604800,NaN,0.223424,NaN
1458691200,0.159105,0.220316,-0.061211
1458777600,NaN,0.217207,NaN
1458864000,0.188257,0.214099,-0.025841
1458950400,NaN,0.210990,NaN
1459036800,NaN,0.207882,NaN
1459123200,NaN,0.204773,NaN
1459209600,NaN,0.201665,NaN
1459296000,NaN,0.198556,NaN
1459382400,NaN,0.195448,NaN
1459468800,NaN,0.192339,NaN
1459555200,NaN,0.189231,NaN
1459641600,0.203375,0.186122,0.017253
1459728000,NaN,0.183014,NaN
1459814400,NaN,0.179905,NaN
1459900800,NaN,0.176797,NaN
1459987200,NaN,0.173688,NaN
1460073600,NaN,0.170580,NaN
1460160000,NaN,0.167471,NaN
1460246400,NaN,0.164363,NaN
1460332800,NaN,0.161254,NaN
1460419200,NaN,0.158146,NaN
1460505600,NaN,0.155037,NaN
1460592000,NaN,0.151929,NaN
1460678400,NaN,0.151091,NaN
1460764800,NaN,0.150253,NaN
1460851200,NaN,0.149415,NaN
1460937600,NaN,0.148578,NaN
1461024000,NaN,0.147740,NaN
1461110400,NaN,0.146902,NaN
1461196800,NaN,0.146065,NaN
1461283200,0.140131,0.145227,-0.005096
1461369600,NaN,0.144389,NaN
1461456000,NaN,0.143552,NaN
1461542400,NaN,0.142714,NaN
1461628800,NaN,0.141876,NaN
1461715200,NaN,0.141039,NaN
1461801600,NaN,0.140201,NaN
1461888000,NaN,0.139363,NaN
1461974400,NaN,0.138526,NaN
1462060800,NaN,0.137688,NaN
1462147200,NaN,0.136850,NaN
1462233600,NaN,0.136013,NaN
1462320000,0.163232,0.135175,0.028057
1462406400,0.180378,0.134337,0.046041
1462492800,NaN,0.133499,NaN
1462579200,NaN,0.132662,NaN
1462665600,NaN,0.131824,NaN
1462752000,NaN,0.130986,NaN
1462838400,0.315757,0.130149,0.185608
1462924800,NaN,0.129311,NaN
1463011200,NaN,0.128473,NaN
1463097600,0.540767,0.127636,0.413131
1463184000,NaN,0.126798,NaN
1463270400,NaN,0.127595,NaN
1463356800,NaN,0.128391,NaN
1463443200,0.463321,0.129188,0.334134
1463529600,0.384623,0.129984,0.254639
1463616000,NaN,0.130781,NaN
1463702400,NaN,0.131577,NaN
1463788800,NaN,0.132374,NaN
1463875200,NaN,0.133170,NaN
1463961600,NaN,0.133967,NaN
1464048000,0.158713,0.134763,0.023950
1464134400,NaN,0.135560,NaN
1464220800,NaN,0.136356,NaN
1464307200,NaN,0.137153,NaN
1464393600,0.212629,0.137949,0.074680
1464480000,NaN,0.138746,NaN
1464566400,NaN,0.139542,NaN
1464652800,NaN,0.140339,NaN
1464739200,NaN,0.141135,NaN
1464825600,NaN,0.141932,NaN
1464912000,NaN,0.142728,NaN
1464998400,NaN,0.143525,NaN
1465084800,0.183033,0.144321,0.038712
1465171200,0.349730,0.145117,0.204613
1465257600,NaN,0.145914,NaN
1465344000,NaN,0.146710,NaN
1465430400,0.316814,0.147507,0.169307
1465516800,NaN,0.148303,NaN
1465603200,NaN,0.149100,NaN
1465689600,NaN,0.149896,NaN
1465776000,NaN,0.150693,NaN
1465862400,NaN,0.151489,NaN
1465948800,NaN,0.156499,NaN
1466035200,NaN,0.161508,NaN
1466121600,NaN,0.166517,NaN
1466208000,0.222390,0.171526,0.050864
1466294400,NaN,0.176535,NaN
1466380800,NaN,0.181544,NaN
1466467200,0.191775,0.186553,0.005222
1466553600,0.154639,0.191562,-0.036923
1466640000,NaN,0.196571,NaN
1466726400,NaN,0.201580,NaN
1466812800,0.186150,0.206589,-0.020439
1466899200,NaN,0.211598,NaN
1466985600,0.191314,0.216607,-0.025293
1467072000,NaN,0.221616,NaN
1467158400,NaN,0.226625,NaN
1467244800,NaN,0.231634,NaN
1467331200,NaN,0.236643,NaN
1467417600,NaN,0.241653,NaN
1467504000,NaN,0.246662,NaN
1467590400,NaN,0.251671,NaN
1467676800,NaN,0.256680,NaN
1467763200,NaN,0.261689,NaN
1467849600,NaN,0.266698,NaN
1467936000,0.139688,0.271707,-0.132018
1468022400,NaN,0.276716,NaN
1468108800,NaN,0.281725,NaN
1468195200,NaN,0.286734,NaN
1468281600,NaN,0.291743,NaN
1468368000,NaN,0.296752,NaN
1468454400,NaN,0.301761,NaN
1468540800,NaN,0.298732,NaN
1468627200,NaN,0.295703,NaN
1468713600,NaN,0.292674,NaN
1468800000,NaN,0.289645,NaN
1468886400,NaN,0.286616,NaN
1468972800,0.281049,0.283586,-0.002537
1469059200,0.224125,0.280557,-0.056432
1469145600,0.403751,0.277528,0.126223
1469232000,NaN,0.274499,NaN
1469318400,NaN,0.271470,NaN
1469404800,NaN,0.268441,NaN
1469491200,NaN,0.265412,NaN
1469577600,NaN,0.262383,NaN
1469664000,NaN,0.259353,NaN
1469750400,0.474989,0.256324,0.218665
1469836800,NaN,0.253295,NaN
1469923200,0.410451,0.250266,0.160185
1470009600,NaN,0.247237,NaN
1470096000,NaN,0.244208,NaN
1470182400,NaN,0.241179,NaN
1470268800,NaN,0.238150,NaN
1470355200,0.392252,0.235120,0.157132
1470441600,0.311037,0.232091,0.078946
1470528000,NaN,0.229062,NaN
1470614400,NaN,0.226033,NaN
1470700800,NaN,0.223004,NaN
1470787200,NaN,0.219975,NaN
1470873600,NaN,0.216946,NaN
1470960000,NaN,0.213917,NaN
1471046400,NaN,0.210887,NaN
1471132800,NaN,0.207858,NaN
1471219200,NaN,0.205716,NaN
1471305600,NaN,0.203573,NaN
1471392000,NaN,0.201431,NaN
1471478400,NaN,0.199288,NaN
1471564800,0.272693,0.197146,0.075548
1471651200,NaN,0.195003,NaN
1471737600,NaN,0.192861,NaN
1471824000,0.181958,0.190718,-0.008760
1471910400,0.183892,0.188576,-0.004684
1471996800,NaN,0.186433,NaN
1472083200,NaN,0.184291,NaN
1472169600,NaN,0.182148,NaN
1472256000,NaN,0.180006,NaN
1472342400,NaN,0.177863,NaN
1472428800,NaN,0.175721,NaN
1472515200,0.138865,0.173578,-0.034713
1472601600,0.127447,0.171436,-0.043988
1472688000,0.107959,0.169293,-0.061334
1472774400,NaN,0.167151,NaN
1472860800,0.067193,0.165008,-0.097815
1472947200,NaN,0.162866,NaN
1473033600,NaN,0.160723,NaN
1473120000,0.094911,0.158581,-0.063670
1473206400,0.087802,0.156438,-0.068636
1473292800,0.082848,0.154295,-0.071448
1473379200,0.086304,0.152153,-0.065849
1473465600,NaN,0.150010,NaN
1473552000,NaN,0.147868,NaN
1473638400,NaN,0.145725,NaN
1473724800,NaN,0.143583,NaN
1473811200,NaN,0.141440,NaN
1473897600,NaN,0.142435,NaN
1473984000,NaN,0.143429,NaN
1474070400,NaN,0.144423,NaN
1474156800,NaN,0.145418,NaN
1474243200,0.398210,0.146412,0.251798
1474329600,0.113111,0.147406,-0.034296
1474416000,NaN,0.148401,NaN
1474502400,0.090217,0.149395,-0.059178
1474588800,NaN,0.150389,NaN
1474675200,NaN,0.151384,NaN
1474761600,NaN,0.152378,NaN
1474848000,NaN,0.153372,NaN
1474934400,0.076200,0.154367,-0.078167
1475020800,0.083063,0.155361,-0.072298
1475107200,0.065589,0.156355,-0.090767
1475193600,NaN,0.157350,NaN
1475280000,NaN,0.158344,NaN
1475366400,NaN,0.159338,NaN
1475452800,NaN,0.160333,NaN
1475539200,NaN,0.161327,NaN
1475625600,0.120419,0.162321,-0.041902
1475712000,NaN,0.163316,NaN
1475798400,NaN,0.164310,NaN
1475884800,0.105122,0.165304,-0.060183
1475971200,0.139030,0.166299,-0.027268
1476057600,NaN,0.167293,NaN
1476144000,0.156074,0.168287,-0.012214
1476230400,0.179250,0.169282,0.009968
1476316800,NaN,0.170276,NaN
1476403200,0.155477,0.171270,-0.015794
1476489600,NaN,0.172509,NaN
1476576000,0.155813,0.173748,-0.017935
1476662400,0.151768,0.174987,-0.023219
1476748800,0.142118,0.176226,-0.034107
1476835200,NaN,0.177464,NaN
1476921600,0.103604,0.178703,-0.075099
1477008000,0.186406,0.179942,0.006464
1477094400,0.144633,0.181181,-0.036548
1477180800,0.147654,0.182420,-0.034765
1477267200,NaN,0.183658,NaN
1477353600,NaN,0.184897,NaN
1477440000,NaN,0.186136,NaN
1477526400,NaN,0.187375,NaN
1477612800,NaN,0.188614,NaN
1477699200,NaN,0.189852,NaN
1477785600,NaN,0.191091,NaN
1477872000,NaN,0.192330,NaN
1477958400,NaN,0.193569,NaN
1478044800,NaN,0.194808,NaN
1478131200,NaN,0.196046,NaN
1478217600,NaN,0.197285,NaN
1478304000,NaN,0.198524,NaN
1478390400,NaN,0.199763,NaN
1478476800,NaN,0.201002,NaN
1478563200,NaN,0.202240,NaN
1478649600,NaN,0.203479,NaN
1478736000,NaN,0.204718,NaN
1478822400,NaN,0.205957,NaN
1478908800,NaN,0.207196,NaN
1478995200,NaN,0.208434,NaN
1479081600,NaN,0.209673,NaN
1479168000,0.204210,0.213067,-0.008858
1479254400,NaN,0.216461,NaN
1479340800,0.160734,0.219855,-0.059121
1479427200,0.162949,0.223249,-0.060300
1479513600,0.173397,0.226643,-0.053247
1479600000,NaN,0.230037,NaN
1479686400,NaN,0.233432,NaN
1479772800,NaN,0.236826,NaN
1479859200,0.307952,0.240220,0.067733
1479945600,NaN,0.243614,NaN
1480032000,NaN,0.247008,NaN
1480118400,NaN,0.250402,NaN
1480204800,0.208301,0.253796,-0.045494
1480291200,NaN,0.257190,NaN
1480377600,0.185462,0.260584,-0.075122
1480464000,NaN,0.263978,NaN
1480550400,0.213021,0.267372,-0.054351
1480636800,NaN,0.270766,NaN
1480723200,NaN,0.274160,NaN
1480809600,NaN,0.277554,NaN
1480896000,NaN,0.280948,NaN
1480982400,0.204751,0.284343,-0.079592
1481068800,NaN,0.287737,NaN
1481155200,NaN,0.291131,NaN
1481241600,0.206748,0.294525,-0.087777
1481328000,NaN,0.297919,NaN
1481414400,NaN,0.301313,NaN
1481500800,0.221498,0.304707,-0.083209
1481587200,0.237848,0.308101,-0.070253
1481673600,NaN,0.311495,NaN
1481760000,NaN,0.312067,NaN
1481846400,NaN,0.312640,NaN
1481932800,NaN,0.313212,NaN
1482019200,NaN,0.313784,NaN
1482105600,NaN,0.314357,NaN
1482192000,NaN,0.314929,NaN
1482278400,NaN,0.315502,NaN
1482364800,0.112016,0.316074,-0.204058
1482451200,NaN,0.316646,NaN
1482537600,0.199117,0.317219,-0.118102
1482624000,NaN,0.317791,NaN
1482710400,NaN,0.318363,NaN
1482796800,NaN,0.318936,NaN
1482883200,NaN,0.319508,NaN
1482969600,NaN,0.320080,NaN
1483056000,NaN,0.320653,NaN
1483142400,NaN,0.321225,NaN
1483228800,NaN,0.321797,NaN
1483315200,NaN,0.322370,NaN
1483401600,NaN,0.322942,NaN
1483488000,NaN,0.323515,NaN
1483574400,NaN,0.324087,NaN
1483660800,NaN,0.324659,NaN
1483747200,NaN,0.325232,NaN
1483833600,NaN,0.325804,NaN
1483920000,NaN,0.326376,NaN
1484006400,NaN,0.326949,NaN
1484092800,0.259721,0.327521,-0.067800
1484179200,0.276570,0.328093,-0.051523
1484265600,NaN,0.328666,NaN
1484352000,NaN,0.329238,NaN
1484438400,NaN,0.329811,NaN
1484524800,NaN,0.328965,NaN
1484611200,NaN,0.328120,NaN
1484697600,NaN,0.327275,NaN
1484784000,NaN,0.326430,NaN
1484870400,0.165439,0.325585,-0.160147
1484956800,NaN,0.324740,NaN
1485043200,0.242272,0.323895,-0.081624
1485129600,0.249304,0.323050,-0.073746
1485216000,0.274635,0.322205,-0.047570
1485302400,NaN,0.321360,NaN
1485388800,NaN,0.320515,NaN
1485475200,NaN,0.319670,NaN
1485561600,NaN,0.318825,NaN
1485648000,0.438020,0.317980,0.120040
1485734400,0.255870,0.317135,-0.061265
1485820800,NaN,0.316290,NaN
1485907200,0.243195,0.315445,-0.072250
1485993600,NaN,0.314600,NaN
1486080000,NaN,0.313755,NaN
1486166400,NaN,0.312910,NaN
1486252800,NaN,0.312065,NaN
1486339200,NaN,0.311220,NaN
1486425600,NaN,0.310375,NaN
1486512000,0.188592,0.309529,-0.120938
1486598400,NaN,0.308684,NaN
1486684800,NaN,0.307839,NaN
1486771200,0.208707,0.306994,-0.098288
1486857600,NaN,0.306149,NaN
1486944000,NaN,0.305304,NaN
1487030400,0.110708,0.304459,-0.193751
1487116800,NaN,0.303614,NaN
1487203200,NaN,0.301638,NaN
1487289600,NaN,0.299663,NaN
1487376000,0.247101,0.297687,-0.050586
1487462400,0.182257,0.295711,-0.113454
1487548800,NaN,0.293735,NaN
1487635200,NaN,0.291759,NaN
1487721600,0.183356,0.289784,-0.106428
1487808000,0.215925,0.287808,-0.071883
1487894400,0.177793,0.285832,-0.108039
1487980800,0.217389,0.283856,-0.066467
1488067200,0.231722,0.281881,-0.050159
1488153600,NaN,0.279905,NaN
1488240000,NaN,0.277929,NaN
1488326400,NaN,0.275953,NaN
1488412800,NaN,0.273977,NaN
1488499200,0.207820,0.272002,-0.064181
1488585600,NaN,0.270026,NaN
1488672000,NaN,0.268050,NaN
1488758400,NaN,0.266074,NaN
1488844800,NaN,0.264098,NaN
1488931200,NaN,0.262123,NaN
1489017600,0.176605,0.260147,-0.083542
1489104000,NaN,0.258171,NaN
1489190400,NaN,0.256195,NaN
1489276800,NaN,0.254220,NaN
1489363200,NaN,0.252244,NaN
1489449600,0.229535,0.250268,-0.020733
1489536000,NaN,0.248292,NaN
1489622400,NaN,0.245184,NaN
1489708800,NaN,0.242075,NaN
1489795200,0.182022,0.238967,-0.056944
1489881600,NaN,0.235858,NaN
1489968000,NaN,0.232750,NaN
1490054400,0.157244,0.229641,-0.072397
1490140800,NaN,0.226533,NaN
1490227200,NaN,0.223424,NaN
1490313600,NaN,0.220316,NaN
1490400000,NaN,0.217207,NaN
1490486400,0.143432,0.214099,-0.070667
1490572800,0.116779,0.210990,-0.094211
1490659200,0.128735,0.207882,-0.079147
1490745600,NaN,0.204773,NaN
1490832000,NaN,0.201665,NaN
1490918400,0.163073,0.198556,-0.035483
1491004800,NaN,0.195448,NaN
1491091200,NaN,0.192339,NaN
1491177600,NaN,0.189231,NaN
1491264000,NaN,0.186122,NaN
1491350400,NaN,0.183014,NaN
1491436800,0.133003,0.179905,-0.046902
1491523200,NaN,0.176797,NaN
1491609600,NaN,0.173688,NaN
1491696000,NaN,0.170580,NaN
1491782400,NaN,0.167471,NaN
1491868800,NaN,0.164363,NaN
1491955200,NaN,0.161254,NaN
1492041600,NaN,0.158146,NaN
1492128000,NaN,0.155037,NaN
1492214400,NaN,0.151929,NaN
1492300800,NaN,0.151091,NaN
1492387200,NaN,0.150253,NaN
1492473600,NaN,0.149415,NaN
1492560000,NaN,0.148578,NaN
1492646400,NaN,0.147740,NaN
1492732800,NaN,0.146902,NaN
1492819200,0.191391,0.146065,0.045326
1492905600,NaN,0.145227,NaN
1492992000,NaN,0.144389,NaN
1493078400,NaN,0.143552,NaN
1493164800,NaN,0.142714,NaN
1493251200,0.161854,0.141876,0.019977
1493337600,NaN,0.141039,NaN
1493424000,NaN,0.140201,NaN
1493510400,NaN,0.139363,NaN
1493596800,NaN,0.138526,NaN
1493683200,0.181260,0.137688,0.043573
1493769600,NaN,0.136850,NaN
1493856000,NaN,0.136013,NaN
1493942400,NaN,0.135175,NaN
1494028800,0.149236,0.134337,0.014899
1494115200,0.118615,0.133499,-0.014884
1494201600,0.163324,0.132662,0.030662
1494288000,NaN,0.131824,NaN
1494374400,NaN,0.130986,NaN
1494460800,NaN,0.130149,NaN
1494547200,NaN,0.129311,NaN
1494633600,0.148810,0.128473,0.020337
1494720000,NaN,0.127636,NaN
1494806400,0.164283,0.126798,0.037485
1494892800,0.123167,0.127595,-0.004427
1494979200,NaN,0.128391,NaN
1495065600,NaN,0.129188,NaN
1495152000,NaN,0.129984,NaN
1495238400,0.154097,0.130781,0.023317
1495324800,NaN,0.131577,NaN
1495411200,NaN,0.132374,NaN
1495497600,NaN,0.133170,NaN
1495584000,NaN,0.133967,NaN
1495670400,0.161583,0.134763,0.026820
1495756800,NaN,0.135560,NaN
1495843200,NaN,0.136356,NaN
1495929600,NaN,0.137153,NaN
1496016000,NaN,0.137949,NaN
1496102400,NaN,0.138746,NaN
1496188800,NaN,0.139542,NaN
1496275200,NaN,0.140339,NaN
1496361600,NaN,0.141135,NaN
1496448000,NaN,0.141932,NaN
1496534400,NaN,0.142728,NaN
1496620800,NaN,0.143525,NaN
1496707200,NaN,0.144321,NaN
1496793600,0.087431,0.145117,-0.057686
1496880000,NaN,0.145914,NaN
1496966400,0.096139,0.146710,-0.050572
1497052800,NaN,0.147507,NaN
1497139200,NaN,0.148303,NaN
1497225600,NaN,0.149100,NaN
1497312000,NaN,0.149896,NaN
1497398400,0.127881,0.150693,-0.022811
1497484800,0.124059,0.151489,-0.027430
1497571200,0.125523,0.156499,-0.030975
1497657600,NaN,0.161508,NaN
1497744000,NaN,0.166517,NaN
1497830400,0.091158,0.171526,-0.080368
1497916800,NaN,0.176535,NaN
1498003200,NaN,0.181544,NaN
1498089600,NaN,0.186553,NaN
1498176000,0.113844,0.191562,-0.077718
1498262400,0.086720,0.196571,-0.109851
1498348800,NaN,0.201580,NaN
1498435200,NaN,0.206589,NaN
1498521600,NaN,0.211598,NaN
1498608000,NaN,0.216607,NaN
1498694400,NaN,0.221616,NaN
1498780800,NaN,0.226625,NaN
1498867200,NaN,0.231634,NaN
1498953600,0.112627,0.236643,-0.124017
1499040000,NaN,0.241653,NaN
1499126400,NaN,0.246662,NaN
1499212800,NaN,0.251671,NaN
1499299200,NaN,0.256680,NaN
1499385600,0.113118,0.261689,-0.148571
1499472000,0.094454,0.266698,-0.172243
1499558400,0.115191,0.271707,-0.156516
1499644800,NaN,0.276716,NaN
1499731200,0.103954,0.281725,-0.177771
1499817600,NaN,0.286734,NaN
1499904000,NaN,0.291743,NaN
1499990400,NaN,0.296752,NaN
1500076800,NaN,0.301761,NaN
1500163200,NaN,0.298732,NaN
1500249600,NaN,0.295703,NaN
1500336000,0.102351,0.292674,-0.190323
1500422400,0.145150,0.289645,-0.144495
1500508800,NaN,0.286616,NaN
1500595200,0.194234,0.283586,-0.089352
1500681600,NaN,0.280557,NaN
1500768000,NaN,0.277528,NaN
1500854400,NaN,0.274499,NaN
1500940800,0.161722,0.271470,-0.109748
1501027200,NaN,0.268441,NaN
1501113600,0.543955,0.265412,0.278543
1501200000,NaN,0.262383,NaN
1501286400,NaN,0.259353,NaN
1501372800,NaN,0.256324,NaN
1501459200,NaN,0.253295,NaN
1501545600,NaN,0.250266,NaN
1501632000,NaN,0.247237,NaN
1501718400,NaN,0.244208,NaN
1501804800,NaN,0.241179,NaN
1501891200,NaN,0.238150,NaN
1501977600,NaN,0.235120,NaN
1502064000,NaN,0.232091,NaN
1502150400,NaN,0.229062,NaN
1502236800,NaN,0.226033,NaN
1502323200,NaN,0.223004,NaN
1502409600,0.151402,0.219975,-0.068573
1502496000,0.114248,0.216946,-0.102697
1502582400,NaN,0.213917,NaN
1502668800,NaN,0.210887,NaN
1502755200,NaN,0.207858,NaN
1502841600,NaN,0.205716,NaN
1502928000,NaN,0.203573,NaN
1503014400,0.057340,0.201431,-0.144090
1503100800,NaN,0.199288,NaN
1503187200,NaN,0.197146,NaN
1503273600,NaN,0.195003,NaN
1503360000,0.092665,0.192861,-0.100196
1503446400,NaN,0.190718,NaN
1503532800,NaN,0.188576,NaN
1503619200,NaN,0.186433,NaN
1503705600,NaN,0.184291,NaN
1503792000,NaN,0.182148,NaN
1503878400,NaN,0.180006,NaN
1503964800,NaN,0.177863,NaN
1504051200,NaN,0.175721,NaN
1504137600,0.104627,0.173578,-0.068951
1504224000,NaN,0.171436,NaN
1504310400,0.148117,0.169293,-0.021176
1504396800,NaN,0.167151,NaN
1504483200,NaN,0.165008,NaN
1504569600,NaN,0.162866,NaN
1504656000,NaN,0.160723,NaN
1504742400,NaN,0.158581,NaN
1504828800,NaN,0.156438,NaN
1504915200,0.108879,0.154295,-0.045416
1505001600,NaN,0.152153,NaN
1505088000,0.110699,0.150010,-0.039312
1505174400,NaN,0.147868,NaN
1505260800,0.115112,0.145725,-0.030614
1505347200,NaN,0.143583,NaN
1505433600,NaN,0.141440,NaN
1505520000,0.255581,0.142435,0.113147
1505606400,NaN,0.143429,NaN
1505692800,0.168967,0.144423,0.024543
1505779200,NaN,0.145418,NaN
1505865600,0.148577,0.146412,0.002165
1505952000,NaN,0.147406,NaN
1506038400,NaN,0.148401,NaN
1506124800,NaN,0.149395,NaN
1506211200,NaN,0.150389,NaN
1506297600,NaN,0.151384,NaN
1506384000,0.227950,0.152378,0.075572
1506470400,0.164351,0.153372,0.010979
1506556800,0.161550,0.154367,0.007184
1506643200,NaN,0.155361,NaN
1506729600,0.159612,0.156355,0.003257
1506816000,NaN,0.157350,NaN
1506902400,NaN,0.158344,NaN
1506988800,NaN,0.159338,NaN
1507075200,NaN,0.160333,NaN
1507161600,NaN,0.161327,NaN
1507248000,NaN,0.162321,NaN
1507334400,NaN,0.163316,NaN
1507420800,NaN,0.164310,NaN
1507507200,NaN,0.165304,NaN
1507593600,NaN,0.166299,NaN
1507680000,NaN,0.167293,NaN
1507766400,0.104617,0.168287,-0.063671
1507852800,NaN,0.169282,NaN
1507939200,NaN,0.170276,NaN
1508025600,NaN,0.171270,NaN
1508112000,NaN,0.172509,NaN
1508198400,NaN,0.173748,NaN
1508284800,NaN,0.174987,NaN
1508371200,NaN,0.176226,NaN
1508457600,NaN,0.177464,NaN
1508544000,0.502301,0.178703,0.323597
1508630400,NaN,0.179942,NaN
1508716800,0.497609,0.181181,0.316428
1508803200,0.332354,0.182420,0.149935
1508889600,0.584588,0.183658,0.400930
1508976000,0.674727,0.184897,0.489830
1509062400,NaN,0.186136,NaN
1509148800,NaN,0.187375,NaN
1509235200,0.272876,0.188614,0.084263
1509321600,NaN,0.189852,NaN
1509408000,0.419505,0.191091,0.228414
1509494400,NaN,0.192330,NaN
1509580800,0.337553,0.193569,0.143985
1509667200,NaN,0.194808,NaN
1509753600,0.216670,0.196046,0.020624
1509840000,0.209036,0.197285,0.011751
1509926400,0.233860,0.198524,0.035336
1510012800,NaN,0.199763,NaN
1510099200,NaN,0.201002,NaN
1510185600,NaN,0.202240,NaN
1510272000,NaN,0.203479,NaN
1510358400,NaN,0.204718,NaN
1510444800,NaN,0.205957,NaN
1510531200,NaN,0.207196,NaN
1510617600,NaN,0.208434,NaN
1510704000,NaN,0.209673,NaN
1510790400,NaN,0.213067,NaN
1510876800,NaN,0.216461,NaN
1510963200,NaN,0.219855,NaN
1511049600,0.237702,0.223249,0.014453
1511136000,NaN,0.226643,NaN
1511222400,NaN,0.230037,NaN
1511308800,NaN,0.233432,NaN
1511395200,0.293121,0.236826,0.056296
1511481600,0.252512,0.240220,0.012292
1511568000,NaN,0.243614,NaN
1511654400,0.463014,0.247008,0.216007
1511740800,NaN,0.250402,NaN
1511827200,0.218326,0.253796,-0.035470
1511913600,0.174974,0.257190,-0.082216
1512000000,NaN,0.260584,NaN
1512086400,0.177579,0.263978,-0.086399
1512172800,0.247290,0.267372,-0.020082
1512259200,NaN,0.270766,NaN
1512345600,NaN,0.274160,NaN
1512432000,NaN,0.277554,NaN
1512518400,NaN,0.280948,NaN
1512604800,NaN,0.284343,NaN
1512691200,NaN,0.287737,NaN
1512777600,0.209807,0.291131,-0.081324
1512864000,NaN,0.294525,NaN
1512950400,0.243838,0.297919,-0.054081
1513036800,0.352762,0.301313,0.051449
1513123200,NaN,0.304707,NaN
1513209600,NaN,0.308101,NaN
1513296000,NaN,0.311495,NaN
1513382400,NaN,0.312086,NaN
1513468800,NaN,0.312677,NaN
1513555200,NaN,0.313268,NaN
1513641600,NaN,0.313858,NaN
1513728000,NaN,0.314449,NaN
1513814400,NaN,0.315040,NaN
1513900800,NaN,0.315631,NaN
1513987200,NaN,0.316222,NaN
1514073600,NaN,0.316812,NaN
1514160000,NaN,0.317403,NaN
1514246400,NaN,0.317994,NaN
1514332800,NaN,0.318585,NaN
1514419200,NaN,0.319176,NaN
1514505600,NaN,0.319767,NaN
1514592000,NaN,0.320357,NaN
1514678400,NaN,0.320948,NaN
1514764800,NaN,0.321539,NaN
1514851200,NaN,0.322130,NaN
1514937600,NaN,0.322721,NaN
1515024000,0.571129,0.323311,0.247817
1515110400,NaN,0.323902,NaN
1515196800,NaN,0.324493,NaN
1515283200,NaN,0.325084,NaN
1515369600,NaN,0.325675,NaN
1515456000,NaN,0.326266,NaN
1515542400,0.278136,0.326856,-0.048720
1515628800,NaN,0.327447,NaN
1515715200,NaN,0.328038,NaN
1515801600,NaN,0.328629,NaN
1515888000,0.421044,0.329220,0.091825
1515974400,NaN,0.329811,NaN
1516060800,NaN,0.328965,NaN
1516147200,NaN,0.328120,NaN
1516233600,NaN,0.327275,NaN
1516320000,NaN,0.326430,NaN
1516406400,NaN,0.325585,NaN
1516492800,NaN,0.324740,NaN
1516579200,0.683101,0.323895,0.359205
1516665600,0.600978,0.323050,0.277928
1516752000,NaN,0.322205,NaN
1516838400,NaN,0.321360,NaN
1516924800,NaN,0.320515,NaN
1517011200,NaN,0.319670,NaN
1517097600,NaN,0.318825,NaN
1517184000,0.494770,0.317980,0.176790
1517270400,0.377679,0.317135,0.060544
1517356800,NaN,0.316290,NaN
1517443200,NaN,0.315445,NaN
1517529600,NaN,0.314600,NaN
1517616000,NaN,0.313755,NaN
1517702400,0.502431,0.312910,0.189521
1517788800,NaN,0.312065,NaN
1517875200,NaN,0.311220,NaN
1517961600,NaN,0.310375,NaN
1518048000,NaN,0.309529,NaN
1518134400,NaN,0.308684,NaN
1518220800,NaN,0.307839,NaN
1518307200,NaN,0.306994,NaN
1518393600,NaN,0.306149,NaN
1518480000,NaN,0.305304,NaN
1518566400,NaN,0.304459,NaN
1518652800,0.211469,0.303614,-0.092145
1518739200,0.179353,0.301638,-0.122285
1518825600,0.160638,0.299663,-0.139025
1518912000,NaN,0.297687,NaN
1518998400,0.161514,0.295711,-0.134197
1519084800,0.136163,0.293735,-0.157573
1519171200,NaN,0.291759,NaN
1519257600,0.129659,0.289784,-0.160125
1519344000,0.111455,0.287808,-0.176353
1519430400,0.142605,0.285832,-0.143227
1519516800,NaN,0.283856,NaN
1519603200,0.093910,0.281881,-0.187970
1519689600,0.139195,0.279905,-0.140710
1519776000,NaN,0.277929,NaN
1519862400,0.133309,0.275953,-0.142644
1519948800,NaN,0.273977,NaN
1520035200,NaN,0.272002,NaN
1520121600,0.140111,0.270026,-0.129915
1520208000,0.119636,0.268050,-0.148414
1520294400,NaN,0.266074,NaN
1520380800,NaN,0.264098,NaN
1520467200,NaN,0.262123,NaN
1520553600,NaN,0.260147,NaN
1520640000,NaN,0.258171,NaN
1520726400,NaN,0.256195,NaN
1520812800,NaN,0.254220,NaN
1520899200,NaN,0.252244,NaN
1520985600,0.166894,0.250268,-0.083374
1521072000,NaN,0.248292,NaN
1521158400,NaN,0.245184,NaN
1521244800,NaN,0.242075,NaN
1521331200,NaN,0.238967,NaN
1521417600,NaN,0.235858,NaN
1521504000,0.168487,0.232750,-0.064262
1521590400,NaN,0.229641,NaN
1521676800,0.180611,0.226533,-0.045922
1521763200,0.167463,0.223424,-0.055961
1521849600,NaN,0.220316,NaN
1521936000,NaN,0.217207,NaN
1522022400,NaN,0.214099,NaN
1522108800,NaN,0.210990,NaN
1522195200,NaN,0.207882,NaN
1522281600,NaN,0.204773,NaN
1522368000,NaN,0.201665,NaN
1522454400,0.200426,0.198556,0.001870
1522540800,0.103947,0.195448,-0.091501
1522627200,NaN,0.192339,NaN
1522713600,0.089909,0.189231,-0.099322
1522800000,NaN,0.186122,NaN
1522886400,NaN,0.183014,NaN
1522972800,NaN,0.179905,NaN
1523059200,NaN,0.176797,NaN
1523145600,NaN,0.173688,NaN
1523232000,NaN,0.170580,NaN
1523318400,NaN,0.167471,NaN
1523404800,NaN,0.164363,NaN
1523491200,0.086534,0.161254,-0.074720
1523577600,NaN,0.158146,NaN
1523664000,NaN,0.155037,NaN
1523750400,NaN,0.151929,NaN
1523836800,0.130528,0.151091,-0.020563
1523923200,0.131214,0.150253,-0.019039
1524009600,NaN,0.149415,NaN
1524096000,NaN,0.148578,NaN
1524182400,NaN,0.147740,NaN
1524268800,NaN,0.146902,NaN
1524355200,NaN,0.146065,NaN
1524441600,0.115902,0.145227,-0.029325
1524528000,NaN,0.144389,NaN
1524614400,0.092040,0.143552,-0.051511
1524700800,0.123129,0.142714,-0.019585
1524787200,NaN,0.141876,NaN
1524873600,NaN,0.141039,NaN
1524960000,NaN,0.140201,NaN
1525046400,NaN,0.139363,NaN
1525132800,0.080702,0.138526,-0.057824
1525219200,NaN,0.137688,NaN
1525305600,0.076101,0.136850,-0.060749
1525392000,NaN,0.136013,NaN
1525478400,NaN,0.135175,NaN
1525564800,NaN,0.134337,NaN
1525651200,0.095151,0.133499,-0.038349
1525737600,0.090272,0.132662,-0.042389
1525824000,0.105296,0.131824,-0.026528
1525910400,0.094029,0.130986,-0.036957
1525996800,0.094268,0.130149,-0.035881
1526083200,NaN,0.129311,NaN
1526169600,NaN,0.128473,NaN
1526256000,0.076056,0.127636,-0.051580
1526342400,NaN,0.126798,NaN
1526428800,0.080506,0.127595,-0.047088
1526515200,0.068841,0.128391,-0.059550
1526601600,0.075297,0.129188,-0.053891
1526688000,0.073408,0.129984,-0.056576
1526774400,NaN,0.130781,NaN
1526860800,NaN,0.131577,NaN
1526947200,NaN,0.132374,NaN
1527033600,NaN,0.133170,NaN
1527120000,NaN,0.133967,NaN
1527206400,NaN,0.134763,NaN
1527292800,0.076809,0.135560,-0.058750
1527379200,0.082850,0.136356,-0.053506
1527465600,0.069268,0.137153,-0.067885
1527552000,NaN,0.137949,NaN
1527638400,0.078766,0.138746,-0.059979
1527724800,NaN,0.139542,NaN
1527811200,0.085580,0.140339,-0.054758
1527897600,NaN,0.141135,NaN
1527984000,NaN,0.141932,NaN
1528070400,NaN,0.142728,NaN
1528156800,NaN,0.143525,NaN
1528243200,NaN,0.144321,NaN
1528329600,NaN,0.145117,NaN
1528416000,NaN,0.145914,NaN
1528502400,NaN,0.146710,NaN
1528588800,NaN,0.147507,NaN
1528675200,NaN,0.148303,NaN
1528761600,NaN,0.149100,NaN
1528848000,0.109833,0.149896,-0.040064
1528934400,NaN,0.150693,NaN
1529020800,NaN,0.151489,NaN
1529107200,NaN,0.156499,NaN
1529193600,NaN,0.161508,NaN
1529280000,NaN,0.166517,NaN
1529366400,NaN,0.171526,NaN
1529452800,NaN,0.176535,NaN
1529539200,NaN,0.181544,NaN
1529625600,NaN,0.186553,NaN
1529712000,NaN,0.191562,NaN
1529798400,0.144720,0.196571,-0.051851
1529884800,NaN,0.201580,NaN
1529971200,0.097992,0.206589,-0.108597
1530057600,NaN,0.211598,NaN
1530144000,NaN,0.216607,NaN
1530230400,NaN,0.221616,NaN
1530316800,NaN,0.226625,NaN
1530403200,NaN,0.231634,NaN
1530489600,NaN,0.236643,NaN
1530576000,NaN,0.241653,NaN
1530662400,NaN,0.246662,NaN
1530748800,NaN,0.251671,NaN
1530835200,0.277257,0.256680,0.020577
1530921600,NaN,0.261689,NaN
1531008000,NaN,0.266698,NaN
1531094400,NaN,0.271707,NaN
1531180800,0.198737,0.276716,-0.077979
1531267200,NaN,0.281725,NaN
1531353600,0.176570,0.286734,-0.110164
1531440000,0.118344,0.291743,-0.173399
1531526400,0.138748,0.296752,-0.158004
1531612800,NaN,0.301761,NaN
1531699200,NaN,0.298732,NaN
1531785600,NaN,0.295703,NaN
1531872000,NaN,0.292674,NaN
1531958400,NaN,0.289645,NaN
1532044800,NaN,0.286616,NaN
1532131200,0.090330,0.283586,-0.193257
1532217600,NaN,0.280557,NaN
1532304000,NaN,0.277528,NaN
1532390400,NaN,0.274499,NaN
1532476800,NaN,0.271470,NaN
1532563200,NaN,0.268441,NaN
1532649600,0.135716,0.265412,-0.129696
1532736000,NaN,0.262383,NaN
1532822400,0.168118,0.259353,-0.091236
1532908800,0.152382,0.256324,-0.103943
1532995200,NaN,0.253295,NaN
1533081600,NaN,0.250266,NaN
1533168000,NaN,0.247237,NaN
1533254400,NaN,0.244208,NaN
1533340800,NaN,0.241179,NaN
1533427200,NaN,0.238150,NaN
1533513600,NaN,0.235120,NaN
1533600000,NaN,0.232091,NaN
1533686400,NaN,0.229062,NaN
1533772800,0.078183,0.226033,-0.147850
1533859200,NaN,0.223004,NaN
1533945600,NaN,0.219975,NaN
1534032000,NaN,0.216946,NaN
1534118400,NaN,0.213917,NaN
1534204800,0.192559,0.210887,-0.018328
1534291200,0.141938,0.207858,-0.065920
1534377600,NaN,0.205716,NaN
1534464000,NaN,0.203573,NaN
1534550400,NaN,0.201431,NaN
1534636800,NaN,0.199288,NaN
1534723200,NaN,0.197146,NaN
1534809600,NaN,0.195003,NaN
1534896000,NaN,0.192861,NaN
1534982400,NaN,0.190718,NaN
1535068800,NaN,0.188576,NaN
1535155200,0.115691,0.186433,-0.070742
1535241600,NaN,0.184291,NaN
1535328000,NaN,0.182148,NaN
1535414400,NaN,0.180006,NaN
1535500800,NaN,0.177863,NaN
1535587200,0.210734,0.175721,0.035014
1535673600,NaN,0.173578,NaN
1535760000,NaN,0.171436,NaN
1535846400,NaN,0.169293,NaN
1535932800,NaN,0.167151,NaN
1536019200,NaN,0.165008,NaN
1536105600,NaN,0.162866,NaN
1536192000,NaN,0.160723,NaN
1536278400,NaN,0.158581,NaN
1536364800,0.182854,0.156438,0.026416
1536451200,0.205786,0.154295,0.051491
1536537600,NaN,0.152153,NaN
1536624000,NaN,0.150010,NaN
1536710400,NaN,0.147868,NaN
1536796800,NaN,0.145725,NaN
1536883200,NaN,0.143583,NaN
1536969600,NaN,0.141440,NaN
1537056000,0.111225,0.142435,-0.031210
1537142400,NaN,0.143429,NaN
1537228800,0.084681,0.144423,-0.059742
1537315200,NaN,0.145418,NaN
1537401600,0.103433,0.146412,-0.042979
1537488000,0.083008,0.147406,-0.064398
1537574400,0.060430,0.148401,-0.087971
1537660800,NaN,0.149395,NaN
1537747200,NaN,0.150389,NaN
1537833600,0.095492,0.151384,-0.055892
1537920000,NaN,0.152378,NaN
1538006400,NaN,0.153372,NaN
1538092800,NaN,0.154367,NaN
1538179200,NaN,0.155361,NaN
1538265600,NaN,0.156355,NaN
1538352000,0.121615,0.157350,-0.035734
1538438400,0.155341,0.158344,-0.003003
1538524800,NaN,0.159338,NaN
1538611200,0.133581,0.160333,-0.026752
1538697600,0.147380,0.161327,-0.013947
1538784000,0.156482,0.162321,-0.005839
1538870400,0.149224,0.163316,-0.014091
1538956800,NaN,0.164310,NaN
1539043200,0.128134,0.165304,-0.037171
1539129600,NaN,0.166299,NaN
1539216000,0.125845,0.167293,-0.041448
1539302400,0.110864,0.168287,-0.057423
1539388800,0.122351,0.169282,-0.046931
1539475200,0.099424,0.170276,-0.070852
1539561600,NaN,0.171270,NaN
1539648000,NaN,0.172509,NaN
1539734400,NaN,0.173748,NaN
1539820800,NaN,0.174987,NaN
1539907200,NaN,0.176226,NaN
1539993600,NaN,0.177464,NaN
1540080000,NaN,0.178703,NaN
1540166400,NaN,0.179942,NaN
1540252800,NaN,0.181181,NaN
1540339200,NaN,0.182420,NaN
1540425600,NaN,0.183658,NaN
1540512000,NaN,0.184897,NaN
1540598400,0.201142,0.186136,0.015006
1540684800,0.182479,0.187375,-0.004896
1540771200,0.168501,0.188614,-0.020113
1540857600,NaN,0.189852,NaN
1540944000,NaN,0.191091,NaN
1541030400,NaN,0.192330,NaN
1541116800,0.203240,0.193569,0.009672
1541203200,NaN,0.194808,NaN
1541289600,NaN,0.196046,NaN
1541376000,0.209667,0.197285,0.012382
1541462400,0.183830,0.198524,-0.014694
1541548800,0.184362,0.199763,-0.015401
1541635200,NaN,0.201002,NaN
1541721600,NaN,0.202240,NaN
1541808000,NaN,0.203479,NaN
1541894400,NaN,0.204718,NaN
1541980800,NaN,0.205957,NaN
1542067200,NaN,0.207196,NaN
1542153600,NaN,0.208434,NaN
1542240000,0.221176,0.209673,0.011503
1542326400,NaN,0.213067,NaN
1542412800,NaN,0.216461,NaN
1542499200,NaN,0.219855,NaN
1542585600,NaN,0.223249,NaN
1542672000,NaN,0.226643,NaN
1542758400,NaN,0.230037,NaN
1542844800,NaN,0.233432,NaN
1542931200,NaN,0.236826,NaN
1543017600,NaN,0.240220,NaN
1543104000,NaN,0.243614,NaN
1543190400,NaN,0.247008,NaN
1543276800,NaN,0.250402,NaN
1543363200,NaN,0.253796,NaN
1543449600,NaN,0.257190,NaN
1543536000,NaN,0.260584,NaN
1543622400,NaN,0.263978,NaN
1543708800,NaN,0.267372,NaN
1543795200,0.263546,0.270766,-0.007220
1543881600,0.349685,0.274160,0.075525
1543968000,0.393259,0.277554,0.115705
1544054400,NaN,0.280948,NaN
1544140800,0.283660,0.284343,-0.000683
1544227200,NaN,0.287737,NaN
1544313600,NaN,0.291131,NaN
1544400000,NaN,0.294525,NaN
1544486400,NaN,0.297919,NaN
1544572800,NaN,0.301313,NaN
1544659200,NaN,0.304707,NaN
1544745600,NaN,0.308101,NaN
1544832000,NaN,0.311495,NaN
1544918400,NaN,0.312086,NaN
1545004800,NaN,0.312677,NaN
1545091200,NaN,0.313268,NaN
1545177600,NaN,0.313858,NaN
1545264000,NaN,0.314449,NaN
1545350400,0.918314,0.315040,0.603274
1545436800,NaN,0.315631,NaN
1545523200,0.569666,0.316222,0.253445
1545609600,NaN,0.316812,NaN
1545696000,0.887476,0.317403,0.570072
1545782400,NaN,0.317994,NaN
1545868800,NaN,0.318585,NaN
1545955200,NaN,0.319176,NaN
1546041600,NaN,0.319767,NaN
1546128000,0.240768,0.320357,-0.079590
1546214400,NaN,0.320948,NaN
1546300800,NaN,0.321539,NaN
1546387200,NaN,0.322130,NaN
1546473600,NaN,0.322721,NaN
1546560000,0.232528,0.323311,-0.090784
1546646400,0.262170,0.323902,-0.061732
1546732800,0.239283,0.324493,-0.085211
1546819200,NaN,0.325084,NaN
1546905600,NaN,0.325675,NaN
1546992000,0.304924,0.326266,-0.021341
1547078400,0.327174,0.326856,0.000318
1547164800,NaN,0.327447,NaN
1547251200,NaN,0.328038,NaN
1547337600,NaN,0.328629,NaN
1547424000,NaN,0.329220,NaN
1547510400,NaN,0.329811,NaN
1547596800,NaN,0.328965,NaN
1547683200,NaN,0.328120,NaN
1547769600,NaN,0.327275,NaN
1547856000,NaN,0.326430,NaN
1547942400,NaN,0.325585,NaN
1548028800,NaN,0.324740,NaN
1548115200,0.243047,0.323895,-0.080848
1548201600,NaN,0.323050,NaN
1548288000,0.457265,0.322205,0.135060
1548374400,NaN,0.321360,NaN
1548460800,NaN,0.320515,NaN
1548547200,0.336939,0.319670,0.017269
1548633600,NaN,0.318825,NaN
1548720000,0.505664,0.317980,0.187685
1548806400,NaN,0.317135,NaN
1548892800,NaN,0.316290,NaN
1548979200,NaN,0.315445,NaN
1549065600,NaN,0.314600,NaN
1549152000,NaN,0.313755,NaN
1549238400,NaN,0.312910,NaN
1549324800,NaN,0.312065,NaN
1549411200,NaN,0.311220,NaN
1549497600,0.247133,0.310375,-0.063242
1549584000,NaN,0.309529,NaN
1549670400,NaN,0.308684,NaN
1549756800,NaN,0.307839,NaN
1549843200,NaN,0.306994,NaN
1549929600,NaN,0.306149,NaN
1550016000,0.472395,0.305304,0.167090
1550102400,NaN,0.304459,NaN
1550188800,NaN,0.303614,NaN
1550275200,0.415172,0.301638,0.113533
1550361600,NaN,0.299663,NaN
1550448000,NaN,0.297687,NaN
1550534400,NaN,0.295711,NaN
1550620800,NaN,0.293735,NaN
1550707200,NaN,0.291759,NaN
1550793600,NaN,0.289784,NaN
1550880000,NaN,0.287808,NaN
1550966400,NaN,0.285832,NaN
1551052800,NaN,0.283856,NaN
1551139200,NaN,0.281881,NaN
1551225600,NaN,0.279905,NaN
1551312000,NaN,0.277929,NaN
1551398400,0.197248,0.275953,-0.078705
1551484800,0.227797,0.273977,-0.046181
1551571200,0.183082,0.272002,-0.088919
1551657600,NaN,0.270026,NaN
1551744000,NaN,0.268050,NaN
1551830400,NaN,0.266074,NaN
1551916800,NaN,0.264098,NaN
1552003200,NaN,0.262123,NaN
1552089600,NaN,0.260147,NaN
1552176000,NaN,0.258171,NaN
1552262400,NaN,0.256195,NaN
1552348800,NaN,0.254220,NaN
1552435200,NaN,0.252244,NaN
1552521600,NaN,0.250268,NaN
1552608000,NaN,0.248292,NaN
1552694400,NaN,0.245184,NaN
1552780800,NaN,0.242075,NaN
1552867200,NaN,0.238967,NaN
1552953600,NaN,0.235858,NaN
1553040000,0.543147,0.232750,0.310397
1553126400,0.560462,0.229641,0.330821
1553212800,0.484112,0.226533,0.257580
1553299200,0.353280,0.223424,0.129856
1553385600,0.243016,0.220316,0.022700
1553472000,0.214996,0.217207,-0.002212
1553558400,0.205940,0.214099,-0.008159
1553644800,0.265365,0.210990,0.054375
1553731200,NaN,0.207882,NaN
1553817600,NaN,0.204773,NaN
1553904000,NaN,0.201665,NaN
1553990400,NaN,0.198556,NaN
1554076800,NaN,0.195448,NaN
1554163200,0.203792,0.192339,0.011453
1554249600,NaN,0.189231,NaN
1554336000,NaN,0.186122,NaN
1554422400,NaN,0.183014,NaN
1554508800,NaN,0.179905,NaN
1554595200,NaN,0.176797,NaN
1554681600,0.170666,0.173688,-0.003022
1554768000,NaN,0.170580,NaN
1554854400,0.132221,0.167471,-0.035250
1554940800,0.122786,0.164363,-0.041577
1555027200,NaN,0.161254,NaN
1555113600,NaN,0.158146,NaN
1555200000,NaN,0.155037,NaN
1555286400,0.140597,0.151929,-0.011332
1555372800,NaN,0.151091,NaN
1555459200,NaN,0.150253,NaN
1555545600,NaN,0.149415,NaN
1555632000,0.165093,0.148578,0.016515
1555718400,0.181065,0.147740,0.033325
1555804800,NaN,0.146902,NaN
1555891200,0.119618,0.146065,-0.026446
1555977600,NaN,0.145227,NaN
1556064000,NaN,0.144389,NaN
1556150400,NaN,0.143552,NaN
1556236800,0.129263,0.142714,-0.013451
1556323200,0.096933,0.141876,-0.044943
1556409600,0.110733,0.141039,-0.030306
1556496000,NaN,0.140201,NaN
1556582400,NaN,0.139363,NaN
1556668800,NaN,0.138526,NaN
1556755200,NaN,0.137688,NaN
1556841600,NaN,0.136850,NaN
1556928000,NaN,0.136013,NaN
1557014400,NaN,0.135175,NaN
1557100800,NaN,0.134337,NaN
1557187200,NaN,0.133499,NaN
1557273600,NaN,0.132662,NaN
1557360000,NaN,0.131824,NaN
1557446400,NaN,0.130986,NaN
1557532800,NaN,0.130149,NaN
1557619200,0.216974,0.129311,0.087663
1557705600,NaN,0.128473,NaN
1557792000,NaN,0.127636,NaN
1557878400,NaN,0.126798,NaN
1557964800,NaN,0.127595,NaN
1558051200,NaN,0.128391,NaN
1558137600,NaN,0.129188,NaN
1558224000,NaN,0.129984,NaN
1558310400,0.154908,0.130781,0.024128
1558396800,0.142186,0.131577,0.010609
1558483200,0.149609,0.132374,0.017235
1558569600,NaN,0.133170,NaN
1558656000,0.120782,0.133967,-0.013185
1558742400,NaN,0.134763,NaN
1558828800,0.120428,0.135560,-0.015131
1558915200,NaN,0.136356,NaN
1559001600,0.121578,0.137153,-0.015575
1559088000,0.108803,0.137949,-0.029146
1559174400,0.086790,0.138746,-0.051955
1559260800,NaN,0.139542,NaN
1559347200,NaN,0.140339,NaN
1559433600,0.128010,0.141135,-0.013125
1559520000,NaN,0.141932,NaN
1559606400,NaN,0.142728,NaN
1559692800,NaN,0.143525,NaN
1559779200,NaN,0.144321,NaN
1559865600,NaN,0.145117,NaN
1559952000,NaN,0.145914,NaN
1560038400,0.192088,0.146710,0.045378
1560124800,NaN,0.147507,NaN
1560211200,NaN,0.148303,NaN
1560297600,NaN,0.149100,NaN
1560384000,0.151902,0.149896,0.002005
1560470400,NaN,0.150693,NaN
1560556800,0.356237,0.151489,0.204747
1560643200,0.434483,0.156499,0.277985
1560729600,NaN,0.161508,NaN
1560816000,0.248020,0.166517,0.081503
1560902400,NaN,0.171526,NaN
1560988800,0.312608,0.176535,0.136073
1561075200,NaN,0.181544,NaN
1561161600,NaN,0.186553,NaN
1561248000,NaN,0.191562,NaN
1561334400,NaN,0.196571,NaN
1561420800,NaN,0.201580,NaN
1561507200,NaN,0.206589,NaN
1561593600,NaN,0.211598,NaN
1561680000,NaN,0.216607,NaN
1561766400,NaN,0.221616,NaN
1561852800,0.428823,0.226625,0.202198
1561939200,NaN,0.231634,NaN
1562025600,NaN,0.236643,NaN
1562112000,NaN,0.241653,NaN
1562198400,NaN,0.246662,NaN
1562284800,NaN,0.251671,NaN
1562371200,NaN,0.256680,NaN
1562457600,0.177894,0.261689,-0.083794
1562544000,0.193048,0.266698,-0.073649
1562630400,0.177524,0.271707,-0.094183
1562716800,NaN,0.276716,NaN
1562803200,NaN,0.281725,NaN
1562889600,NaN,0.286734,NaN
1562976000,NaN,0.291743,NaN
1563062400,NaN,0.296752,NaN
1563148800,NaN,0.301761,NaN
1563235200,1.019246,0.298732,0.720513
1563321600,0.887167,0.295703,0.591464
1563408000,NaN,0.292674,NaN
1563494400,NaN,0.289645,NaN
1563580800,NaN,0.286616,NaN
1563667200,NaN,0.283586,NaN
1563753600,NaN,0.280557,NaN
1563840000,NaN,0.277528,NaN
1563926400,NaN,0.274499,NaN
1564012800,NaN,0.271470,NaN
1564099200,NaN,0.268441,NaN
1564185600,NaN,0.265412,NaN
1564272000,NaN,0.262383,NaN
1564358400,NaN,0.259353,NaN
1564444800,NaN,0.256324,NaN
1564531200,0.235869,0.253295,-0.017426
1564617600,0.221894,0.250266,-0.028372
1564704000,NaN,0.247237,NaN
1564790400,NaN,0.244208,NaN
1564876800,NaN,0.241179,NaN
1564963200,NaN,0.238150,NaN
1565049600,NaN,0.235120,NaN
1565136000,NaN,0.232091,NaN
1565222400,NaN,0.229062,NaN
1565308800,NaN,0.226033,NaN
1565395200,0.475613,0.223004,0.252609
1565481600,NaN,0.219975,NaN
1565568000,NaN,0.216946,NaN
1565654400,NaN,0.213917,NaN
1565740800,NaN,0.210887,NaN
1565827200,NaN,0.207858,NaN
1565913600,0.689959,0.205716,0.484243
1566000000,NaN,0.203573,NaN
1566086400,0.595914,0.201431,0.394483
1566172800,NaN,0.199288,NaN
1566259200,NaN,0.197146,NaN
1566345600,NaN,0.195003,NaN
1566432000,NaN,0.192861,NaN
1566518400,NaN,0.190718,NaN
1566604800,NaN,0.188576,NaN
1566691200,NaN,0.186433,NaN
1566777600,NaN,0.184291,NaN
1566864000,0.361751,0.182148,0.179603
1566950400,NaN,0.180006,NaN
1567036800,NaN,0.177863,NaN
1567123200,NaN,0.175721,NaN
1567209600,0.158547,0.173578,-0.015031
1567296000,NaN,0.171436,NaN
1567382400,NaN,0.169293,NaN
1567468800,NaN,0.167151,NaN
1567555200,NaN,0.165008,NaN
1567641600,NaN,0.162866,NaN
1567728000,0.120825,0.160723,-0.039898
1567814400,NaN,0.158581,NaN
1567900800,NaN,0.156438,NaN
1567987200,NaN,0.154295,NaN
1568073600,NaN,0.152153,NaN
1568160000,NaN,0.150010,NaN
1568246400,NaN,0.147868,NaN
1568332800,NaN,0.145725,NaN
1568419200,NaN,0.143583,NaN
1568505600,NaN,0.141440,NaN
1568592000,NaN,0.142435,NaN
1568678400,NaN,0.143429,NaN
1568764800,NaN,0.144423,NaN
1568851200,NaN,0.145418,NaN
1568937600,NaN,0.146412,NaN
1569024000,NaN,0.147406,NaN
1569110400,0.111966,0.148401,-0.036434
1569196800,NaN,0.149395,NaN
1569283200,0.113979,0.150389,-0.036411
1569369600,0.300367,0.151384,0.148983
1569456000,0.528720,0.152378,0.376342
1569542400,NaN,0.153372,NaN
1569628800,0.136519,0.154367,-0.017848
1569715200,NaN,0.155361,NaN
1569801600,NaN,0.156355,NaN
1569888000,NaN,0.157350,NaN
1569974400,NaN,0.158344,NaN
1570060800,0.274997,0.159338,0.115659
1570147200,NaN,0.160333,NaN
1570233600,0.270442,0.161327,0.109115
1570320000,NaN,0.162321,NaN
1570406400,0.100598,0.163316,-0.062718
1570492800,NaN,0.164310,NaN
1570579200,0.091297,0.165304,-0.074008
1570665600,NaN,0.166299,NaN
1570752000,0.177369,0.167293,0.010076
1570838400,NaN,0.168287,NaN
1570924800,NaN,0.169282,NaN
1571011200,0.281772,0.170276,0.111496
1571097600,NaN,0.171270,NaN
1571184000,0.257151,0.172509,0.084642
1571270400,NaN,0.173748,NaN
1571356800,NaN,0.174987,NaN
1571443200,NaN,0.176226,NaN
1571529600,0.098383,0.177464,-0.079081
1571616000,NaN,0.178703,NaN
1571702400,NaN,0.179942,NaN
1571788800,0.134186,0.181181,-0.046995
1571875200,NaN,0.182420,NaN
1571961600,NaN,0.183658,NaN
1572048000,NaN,0.184897,NaN
1572134400,NaN,0.186136,NaN
1572220800,NaN,0.187375,NaN
1572307200,NaN,0.188614,NaN
1572393600,0.112989,0.189852,-0.076863
1572480000,NaN,0.191091,NaN
1572566400,NaN,0.192330,NaN
1572652800,0.143886,0.193569,-0.049683
1572739200,NaN,0.194808,NaN
1572825600,0.187539,0.196046,-0.008507
1572912000,NaN,0.197285,NaN
1572998400,0.170790,0.198524,-0.027734
1573084800,NaN,0.199763,NaN
1573171200,NaN,0.201002,NaN
1573257600,NaN,0.202240,NaN
1573344000,NaN,0.203479,NaN
1573430400,NaN,0.204718,NaN
1573516800,NaN,0.205957,NaN
1573603200,NaN,0.207196,NaN
1573689600,NaN,0.208434,NaN
1573776000,0.250217,0.209673,0.040544
1573862400,0.260603,0.213067,0.047535
1573948800,NaN,0.216461,NaN
1574035200,0.165577,0.219855,-0.054279
1574121600,0.196374,0.223249,-0.026876
1574208000,0.197966,0.226643,-0.028677
1574294400,0.205299,0.230037,-0.024738
1574380800,0.193803,0.233432,-0.039628
1574467200,NaN,0.236826,NaN
1574553600,0.205599,0.240220,-0.034621
1574640000,0.213665,0.243614,-0.029949
1574726400,0.227669,0.247008,-0.019339
1574812800,NaN,0.250402,NaN
1574899200,NaN,0.253796,NaN
1574985600,NaN,0.257190,NaN
1575072000,NaN,0.260584,NaN
1575158400,NaN,0.263978,NaN
1575244800,0.228058,0.267372,-0.039315
1575331200,0.236335,0.270766,-0.034431
1575417600,0.262258,0.274160,-0.011903
1575504000,0.180333,0.277554,-0.097222
1575590400,0.233249,0.280948,-0.047699
1575676800,NaN,0.284343,NaN
1575763200,0.216959,0.287737,-0.070777
1575849600,NaN,0.291131,NaN
1575936000,0.181396,0.294525,-0.113129
1576022400,NaN,0.297919,NaN
1576108800,NaN,0.301313,NaN
1576195200,NaN,0.304707,NaN
1576281600,0.283188,0.308101,-0.024913
1576368000,0.260107,0.311495,-0.051388
1576454400,NaN,0.312086,NaN
1576540800,NaN,0.312677,NaN
1576627200,0.293149,0.313268,-0.020119
1576713600,NaN,0.313858,NaN
1576800000,NaN,0.314449,NaN
1576886400,NaN,0.315040,NaN
1576972800,NaN,0.315631,NaN
1577059200,NaN,0.316222,NaN
1577145600,NaN,0.316812,NaN
1577232000,NaN,0.317403,NaN
1577318400,NaN,0.317994,NaN
1577404800,NaN,0.318585,NaN
1577491200,NaN,0.319176,NaN
1577577600,NaN,0.319767,NaN
1577664000,0.367448,0.320357,0.047091
1577750400,0.491041,0.320948,0.170093
1577836800,NaN,0.321539,NaN
1577923200,NaN,0.322130,NaN
1578009600,NaN,0.322721,NaN
1578096000,0.288092,0.323311,-0.035219
1578182400,0.234371,0.323902,-0.089531
1578268800,NaN,0.324493,NaN
1578355200,0.331895,0.325084,0.006811
1578441600,NaN,0.325675,NaN
1578528000,NaN,0.326266,NaN
1578614400,NaN,0.326856,NaN
1578700800,NaN,0.327447,NaN
1578787200,NaN,0.328038,NaN
1578873600,NaN,0.328629,NaN
1578960000,NaN,0.329220,NaN
1579046400,NaN,0.329811,NaN
1579132800,NaN,0.328965,NaN
1579219200,NaN,0.328120,NaN
1579305600,NaN,0.327275,NaN
1579392000,NaN,0.326430,NaN
1579478400,0.292497,0.325585,-0.033089
1579564800,0.276764,0.324740,-0.047977
1579651200,NaN,0.323895,NaN
1579737600,NaN,0.323050,NaN
1579824000,0.373145,0.322205,0.050939
1579910400,NaN,0.321360,NaN
1579996800,NaN,0.320515,NaN
1580083200,NaN,0.319670,NaN
1580169600,NaN,0.318825,NaN
1580256000,NaN,0.317980,NaN
1580342400,NaN,0.317135,NaN
1580428800,NaN,0.316290,NaN
1580515200,0.252654,0.315445,-0.062791
1580601600,0.283031,0.314600,-0.031569
1580688000,NaN,0.313755,NaN
1580774400,NaN,0.312910,NaN
1580860800,NaN,0.312065,NaN
1580947200,NaN,0.311220,NaN
1581033600,0.260898,0.310375,-0.049477
1581120000,0.318943,0.309529,0.009414
1581206400,NaN,0.308684,NaN
1581292800,NaN,0.307839,NaN
1581379200,NaN,0.306994,NaN
1581465600,NaN,0.306149,NaN
1581552000,NaN,0.305304,NaN
1581638400,NaN,0.304459,NaN
1581724800,NaN,0.303614,NaN
1581811200,NaN,0.301638,NaN
1581897600,NaN,0.299663,NaN
1581984000,NaN,0.297687,NaN
1582070400,NaN,0.295711,NaN
1582156800,NaN,0.293735,NaN
1582243200,NaN,0.291759,NaN
1582329600,NaN,0.289784,NaN
1582416000,NaN,0.287808,NaN
1582502400,NaN,0.285832,NaN
1582588800,NaN,0.283856,NaN
1582675200,NaN,0.281881,NaN
1582761600,NaN,0.279905,NaN
1582848000,0.379402,0.277929,0.101473
1582934400,0.296690,0.275953,0.020736
1583020800,NaN,0.273977,NaN
1583107200,NaN,0.272002,NaN
1583193600,NaN,0.270026,NaN
1583280000,NaN,0.268050,NaN
1583366400,NaN,0.266074,NaN
1583452800,0.409210,0.264098,0.145112
1583539200,NaN,0.262123,NaN
1583625600,NaN,0.260147,NaN
1583712000,NaN,0.258171,NaN
1583798400,NaN,0.256195,NaN
1583884800,NaN,0.254220,NaN
1583971200,0.253519,0.252244,0.001275
1584057600,NaN,0.250268,NaN
1584144000,NaN,0.248292,NaN
1584230400,NaN,0.245184,NaN
1584316800,NaN,0.242075,NaN
1584403200,NaN,0.238967,NaN
1584489600,0.157674,0.235858,-0.078184
1584576000,0.123160,0.232750,-0.109589
1584662400,NaN,0.229641,NaN
1584748800,NaN,0.226533,NaN
1584835200,0.141895,0.223424,-0.081529
1584921600,0.129543,0.220316,-0.090773
1585008000,NaN,0.217207,NaN
1585094400,0.110885,0.214099,-0.103214
1585180800,0.119704,0.210990,-0.091287
1585267200,0.140620,0.207882,-0.067261
1585353600,0.116745,0.204773,-0.088028
1585440000,NaN,0.201665,NaN
1585526400,NaN,0.198556,NaN
1585612800,NaN,0.195448,NaN
1585699200,NaN,0.192339,NaN
1585785600,NaN,0.189231,NaN
1585872000,NaN,0.186122,NaN
1585958400,NaN,0.183014,NaN
1586044800,NaN,0.179905,NaN
1586131200,NaN,0.176797,NaN
1586217600,NaN,0.173688,NaN
1586304000,NaN,0.170580,NaN
1586390400,NaN,0.167471,NaN
1586476800,NaN,0.164363,NaN
1586563200,NaN,0.161254,NaN
1586649600,NaN,0.158146,NaN
1586736000,NaN,0.155037,NaN
1586822400,NaN,0.151929,NaN
1586908800,NaN,0.151091,NaN
1586995200,NaN,0.150253,NaN
1587081600,NaN,0.149415,NaN
1587168000,NaN,0.148578,NaN
1587254400,NaN,0.147740,NaN
1587340800,0.103187,0.146902,-0.043716
1587427200,0.125482,0.146065,-0.020583
1587513600,NaN,0.145227,NaN
1587600000,NaN,0.144389,NaN
1587686400,0.120788,0.143552,-0.022764
1587772800,NaN,0.142714,NaN
1587859200,0.110232,0.141876,-0.031644
1587945600,NaN,0.141039,NaN
1588032000,NaN,0.140201,NaN
1588118400,NaN,0.139363,NaN
1588204800,0.141965,0.138526,0.003440
1588291200,0.127112,0.137688,-0.010576
1588377600,NaN,0.136850,NaN
1588464000,0.121254,0.136013,-0.014759
1588550400,NaN,0.135175,NaN
1588636800,NaN,0.134337,NaN
1588723200,NaN,0.133499,NaN
1588809600,0.142782,0.132662,0.010120
1588896000,NaN,0.131824,NaN
1588982400,NaN,0.130986,NaN
1589068800,0.095480,0.130149,-0.034669
1589155200,NaN,0.129311,NaN
1589241600,NaN,0.128473,NaN
1589328000,NaN,0.127636,NaN
1589414400,NaN,0.126798,NaN
1589500800,NaN,0.127595,NaN
1589587200,NaN,0.128391,NaN
1589673600,0.247229,0.129188,0.118042
1589760000,NaN,0.129984,NaN
1589846400,0.193087,0.130781,0.062307
1589932800,NaN,0.131577,NaN
1590019200,0.192075,0.132374,0.059701
1590105600,NaN,0.133170,NaN
1590192000,0.169840,0.133967,0.035873
1590278400,NaN,0.134763,NaN
1590364800,NaN,0.135560,NaN
1590451200,NaN,0.136356,NaN
1590537600,NaN,0.137153,NaN
1590624000,NaN,0.137949,NaN
1590710400,NaN,0.138746,NaN
1590796800,NaN,0.139542,NaN
1590883200,NaN,0.140339,NaN
1590969600,NaN,0.141135,NaN
1591056000,NaN,0.141932,NaN
1591142400,NaN,0.142728,NaN
1591228800,0.095833,0.143525,-0.047691
1591315200,NaN,0.144321,NaN
1591401600,NaN,0.145117,NaN
1591488000,NaN,0.145914,NaN
1591574400,NaN,0.146710,NaN
1591660800,NaN,0.147507,NaN
1591747200,NaN,0.148303,NaN
1591833600,0.108572,0.149100,-0.040528
1591920000,NaN,0.149896,NaN
1592006400,0.089770,0.150693,-0.060923
1592092800,NaN,0.151489,NaN
1592179200,0.072674,0.156499,-0.083825
1592265600,0.058505,0.161508,-0.103002
1592352000,0.065125,0.166517,-0.101392
1592438400,0.070284,0.171526,-0.101242
1592524800,NaN,0.176535,NaN
1592611200,0.074467,0.181544,-0.107077
1592697600,NaN,0.186553,NaN
1592784000,NaN,0.191562,NaN
1592870400,NaN,0.196571,NaN
1592956800,NaN,0.201580,NaN
1593043200,NaN,0.206589,NaN
1593129600,NaN,0.211598,NaN
1593216000,NaN,0.216607,NaN
1593302400,NaN,0.221616,NaN
1593388800,NaN,0.226625,NaN
1593475200,NaN,0.231634,NaN
1593561600,NaN,0.236643,NaN
1593648000,NaN,0.241653,NaN
1593734400,NaN,0.246662,NaN
1593820800,NaN,0.251671,NaN
1593907200,NaN,0.256680,NaN
1593993600,NaN,0.261689,NaN
1594080000,NaN,0.266698,NaN
1594166400,NaN,0.271707,NaN
1594252800,0.237366,0.276716,-0.039350
1594339200,0.225502,0.281725,-0.056223
1594425600,NaN,0.286734,NaN
1594512000,NaN,0.291743,NaN
1594598400,NaN,0.296752,NaN
1594684800,NaN,0.301761,NaN
1594771200,NaN,0.298732,NaN
1594857600,NaN,0.295703,NaN
1594944000,NaN,0.292674,NaN
1595030400,NaN,0.289645,NaN
1595116800,NaN,0.286616,NaN
1595203200,NaN,0.283586,NaN
1595289600,NaN,0.280557,NaN
1595376000,NaN,0.277528,NaN
1595462400,NaN,0.274499,NaN
1595548800,NaN,0.271470,NaN
1595635200,NaN,0.268441,NaN
1595721600,NaN,0.265412,NaN
1595808000,NaN,0.262383,NaN
1595894400,NaN,0.259353,NaN
1595980800,NaN,0.256324,NaN
1596067200,NaN,0.253295,NaN
1596153600,0.191411,0.250266,-0.058855
1596240000,NaN,0.247237,NaN
1596326400,0.123628,0.244208,-0.120580
1596412800,0.097515,0.241179,-0.143663
1596499200,0.085542,0.238150,-0.152607
1596585600,0.097038,0.235120,-0.138083
1596672000,NaN,0.232091,NaN
1596758400,NaN,0.229062,NaN
1596844800,0.161433,0.226033,-0.064600
1596931200,0.303238,0.223004,0.080234
1597017600,NaN,0.219975,NaN
1597104000,NaN,0.216946,NaN
1597190400,NaN,0.213917,NaN
1597276800,0.103675,0.210887,-0.107212
1597363200,0.110153,0.207858,-0.097705
1597449600,NaN,0.205716,NaN
1597536000,NaN,0.203573,NaN
1597622400,NaN,0.201431,NaN
1597708800,0.205757,0.199288,0.006469
1597795200,NaN,0.197146,NaN
1597881600,0.224349,0.195003,0.029346
1597968000,NaN,0.192861,NaN
1598054400,NaN,0.190718,NaN
1598140800,NaN,0.188576,NaN
1598227200,NaN,0.186433,NaN
1598313600,0.189605,0.184291,0.005314
1598400000,NaN,0.182148,NaN
1598486400,NaN,0.180006,NaN
1598572800,0.232219,0.177863,0.054356
1598659200,NaN,0.175721,NaN
1598745600,NaN,0.173578,NaN
1598832000,NaN,0.171436,NaN
1598918400,0.249404,0.169293,0.080111
1599004800,NaN,0.167151,NaN
1599091200,0.173638,0.165008,0.008630
1599177600,NaN,0.162866,NaN
1599264000,NaN,0.160723,NaN
1599350400,NaN,0.158581,NaN
1599436800,NaN,0.156438,NaN
1599523200,0.216826,0.154295,0.062531
1599609600,NaN,0.152153,NaN
1599696000,NaN,0.150010,NaN
1599782400,0.152106,0.147868,0.004238
1599868800,NaN,0.145725,NaN
1599955200,NaN,0.143583,NaN
1600041600,NaN,0.141440,NaN
1600128000,NaN,0.142435,NaN
1600214400,NaN,0.143429,NaN
1600300800,NaN,0.144423,NaN
1600387200,NaN,0.145418,NaN
1600473600,NaN,0.146412,NaN
1600560000,NaN,0.147406,NaN
1600646400,NaN,0.148401,NaN
1600732800,NaN,0.149395,NaN
1600819200,NaN,0.150389,NaN
1600905600,NaN,0.151384,NaN
1600992000,0.134154,0.152378,-0.018224
1601078400,0.129774,0.153372,-0.023598
1601164800,0.105613,0.154367,-0.048753
1601251200,NaN,0.155361,NaN
1601337600,0.121175,0.156355,-0.035180
1601424000,0.122965,0.157350,-0.034385
1601510400,0.098641,0.158344,-0.059703
1601596800,NaN,0.159338,NaN
1601683200,NaN,0.160333,NaN
1601769600,NaN,0.161327,NaN
1601856000,0.178779,0.162321,0.016458
1601942400,NaN,0.163316,NaN
1602028800,0.195848,0.164310,0.031538
1602115200,NaN,0.165304,NaN
1602201600,NaN,0.166299,NaN
1602288000,NaN,0.167293,NaN
1602374400,NaN,0.168287,NaN
1602460800,NaN,0.169282,NaN
1602547200,0.213954,0.170276,0.043678
1602633600,0.186225,0.171270,0.014955
1602720000,0.178638,0.172509,0.006128
1602806400,NaN,0.173748,NaN
1602892800,NaN,0.174987,NaN
1602979200,NaN,0.176226,NaN
1603065600,NaN,0.177464,NaN
1603152000,NaN,0.178703,NaN
1603238400,NaN,0.179942,NaN
1603324800,NaN,0.181181,NaN
1603411200,0.182417,0.182420,-0.000003
1603497600,NaN,0.183658,NaN
1603584000,NaN,0.184897,NaN
1603670400,NaN,0.186136,NaN
1603756800,NaN,0.187375,NaN
1603843200,NaN,0.188614,NaN
1603929600,NaN,0.189852,NaN
1604016000,NaN,0.191091,NaN
1604102400,NaN,0.192330,NaN
1604188800,0.245109,0.193569,0.051541
1604275200,0.204676,0.194808,0.009869
1604361600,0.200199,0.196046,0.004152
1604448000,NaN,0.197285,NaN
1604534400,NaN,0.198524,NaN
1604620800,NaN,0.199763,NaN
1604707200,NaN,0.201002,NaN
1604793600,NaN,0.202240,NaN
1604880000,NaN,0.203479,NaN
1604966400,NaN,0.204718,NaN
1605052800,NaN,0.205957,NaN
1605139200,NaN,0.207196,NaN
1605225600,0.164598,0.208434,-0.043837
1605312000,NaN,0.209673,NaN
1605398400,NaN,0.213067,NaN
1605484800,NaN,0.216461,NaN
1605571200,0.203854,0.219855,-0.016001
1605657600,NaN,0.223249,NaN
1605744000,0.176377,0.226643,-0.050266
1605830400,NaN,0.230037,NaN
1605916800,0.154693,0.233432,-0.078738
1606003200,NaN,0.236826,NaN
1606089600,NaN,0.240220,NaN
1606176000,NaN,0.243614,NaN
1606262400,NaN,0.247008,NaN
1606348800,0.168724,0.250402,-0.081678
1606435200,NaN,0.253796,NaN
1606521600,NaN,0.257190,NaN
1606608000,NaN,0.260584,NaN
1606694400,NaN,0.263978,NaN
1606780800,0.223959,0.267372,-0.043413
1606867200,NaN,0.270766,NaN
1606953600,NaN,0.274160,NaN
1607040000,NaN,0.277554,NaN
1607126400,NaN,0.280948,NaN
1607212800,NaN,0.284343,NaN
1607299200,0.299762,0.287737,0.012026
1607385600,0.432221,0.291131,0.141090
1607472000,0.267416,0.294525,-0.027109
1607558400,NaN,0.297919,NaN
1607644800,NaN,0.301313,NaN
1607731200,NaN,0.304707,NaN
1607817600,NaN,0.308101,NaN
1607904000,NaN,0.311495,NaN
1607990400,NaN,0.312067,NaN
1608076800,NaN,0.312640,NaN
1608163200,NaN,0.313212,NaN
1608249600,NaN,0.313784,NaN
1608336000,NaN,0.314357,NaN
1608422400,NaN,0.314929,NaN
1608508800,0.323141,0.315502,0.007640
1608595200,0.325496,0.316074,0.009422
1608681600,NaN,0.316646,NaN
1608768000,0.321710,0.317219,0.004491
1608854400,0.369365,0.317791,0.051574
1608940800,0.426014,0.318363,0.107651
1609027200,NaN,0.318936,NaN
1609113600,NaN,0.319508,NaN
1609200000,NaN,0.320080,NaN
1609286400,0.288031,0.320653,-0.032622
1609372800,NaN,0.321225,NaN
1609459200,NaN,0.321797,NaN
1609545600,NaN,0.322370,NaN
1609632000,0.530011,0.322942,0.207069
1609718400,0.377559,0.323515,0.054044
1609804800,0.460049,0.324087,0.135962
1609891200,0.327004,0.324659,0.002344
1609977600,NaN,0.325232,NaN
1610064000,NaN,0.325804,NaN
1610150400,NaN,0.326376,NaN
1610236800,NaN,0.326949,NaN
1610323200,NaN,0.327521,NaN
1610409600,NaN,0.328093,NaN
1610496000,0.289701,0.328666,-0.038965
1610582400,0.349898,0.329238,0.020660
1610668800,0.529591,0.329811,0.199780
1610755200,0.632485,0.328965,0.303519
1610841600,NaN,0.328120,NaN
1610928000,0.631992,0.327275,0.304717
1611014400,0.343382,0.326430,0.016952
1611100800,0.349978,0.325585,0.024392
1611187200,NaN,0.324740,NaN
1611273600,NaN,0.323895,NaN
1611360000,NaN,0.323050,NaN
1611446400,NaN,0.322205,NaN
1611532800,NaN,0.321360,NaN
1611619200,NaN,0.320515,NaN
1611705600,NaN,0.319670,NaN
1611792000,NaN,0.318825,NaN
1611878400,NaN,0.317980,NaN
1611964800,NaN,0.317135,NaN
1612051200,0.332452,0.316290,0.016162
1612137600,0.298498,0.315445,-0.016947
1612224000,0.325726,0.314600,0.011126
1612310400,0.346635,0.313755,0.032880
1612396800,NaN,0.312910,NaN
1612483200,NaN,0.312065,NaN
1612569600,NaN,0.311220,NaN
1612656000,0.262736,0.310375,-0.047638
1612742400,NaN,0.309529,NaN
1612828800,NaN,0.308684,NaN
1612915200,NaN,0.307839,NaN
1613001600,NaN,0.306994,NaN
1613088000,NaN,0.306149,NaN
1613174400,NaN,0.305304,NaN
1613260800,NaN,0.304459,NaN
1613347200,NaN,0.303614,NaN
1613433600,NaN,0.301638,NaN
1613520000,NaN,0.299663,NaN
1613606400,NaN,0.297687,NaN
1613692800,NaN,0.295711,NaN
1613779200,0.295484,0.293735,0.001748
1613865600,NaN,0.291759,NaN
1613952000,NaN,0.289784,NaN
1614038400,0.595082,0.287808,0.307275
1614124800,NaN,0.285832,NaN
1614211200,0.650398,0.283856,0.366542
1614297600,NaN,0.281881,NaN
1614384000,NaN,0.279905,NaN
1614470400,0.274496,0.277929,-0.003433
1614556800,NaN,0.275953,NaN
1614643200,NaN,0.273977,NaN
1614729600,NaN,0.272002,NaN
1614816000,0.258535,0.270026,-0.011491
1614902400,NaN,0.268050,NaN
1614988800,NaN,0.266074,NaN
1615075200,0.175084,0.264098,-0.089014
1615161600,NaN,0.262123,NaN
1615248000,0.163167,0.260147,-0.096980
1615334400,NaN,0.258171,NaN
1615420800,0.148463,0.256195,-0.107733
1615507200,0.169837,0.254220,-0.084382
1615593600,NaN,0.252244,NaN
1615680000,NaN,0.250268,NaN
1615766400,NaN,0.248292,NaN
1615852800,NaN,0.245184,NaN
1615939200,NaN,0.242075,NaN
1616025600,NaN,0.238967,NaN
1616112000,NaN,0.235858,NaN
1616198400,NaN,0.232750,NaN
1616284800,0.135749,0.229641,-0.093893
1616371200,NaN,0.226533,NaN
1616457600,NaN,0.223424,NaN
1616544000,NaN,0.220316,NaN
1616630400,NaN,0.217207,NaN
1616716800,NaN,0.214099,NaN
1616803200,NaN,0.210990,NaN
1616889600,NaN,0.207882,NaN
1616976000,NaN,0.204773,NaN
1617062400,0.204446,0.201665,0.002782
1617148800,NaN,0.198556,NaN
1617235200,0.187388,0.195448,-0.008060
1617321600,NaN,0.192339,NaN
1617408000,NaN,0.189231,NaN
1617494400,NaN,0.186122,NaN
1617580800,0.171883,0.183014,-0.011130
1617667200,0.155784,0.179905,-0.024121
1617753600,NaN,0.176797,NaN
1617840000,0.130001,0.173688,-0.043687
1617926400,NaN,0.170580,NaN
1618012800,NaN,0.167471,NaN
1618099200,NaN,0.164363,NaN
1618185600,NaN,0.161254,NaN
1618272000,NaN,0.158146,NaN
1618358400,NaN,0.155037,NaN
1618444800,NaN,0.151929,NaN
1618531200,NaN,0.151091,NaN
1618617600,NaN,0.150253,NaN
1618704000,NaN,0.149415,NaN
1618790400,NaN,0.148578,NaN
1618876800,0.166807,0.147740,0.019067
1618963200,NaN,0.146902,NaN
1619049600,NaN,0.146065,NaN
1619136000,NaN,0.145227,NaN
1619222400,NaN,0.144389,NaN
1619308800,0.114330,0.143552,-0.029221
1619395200,NaN,0.142714,NaN
1619481600,NaN,0.141876,NaN
1619568000,NaN,0.141039,NaN
1619654400,0.121455,0.140201,-0.018745
1619740800,NaN,0.139363,NaN
1619827200,NaN,0.138526,NaN
1619913600,NaN,0.137688,NaN
1620000000,NaN,0.136850,NaN
1620086400,NaN,0.136013,NaN
1620172800,NaN,0.135175,NaN
1620259200,NaN,0.134337,NaN
1620345600,NaN,0.133499,NaN
1620432000,0.108757,0.132662,-0.023905
1620518400,0.085462,0.131824,-0.046362
1620604800,NaN,0.130986,NaN
1620691200,NaN,0.130149,NaN
1620777600,NaN,0.129311,NaN
1620864000,NaN,0.128473,NaN
1620950400,NaN,0.127636,NaN
1621036800,0.096776,0.126798,-0.030022
1621123200,NaN,0.127595,NaN
1621209600,NaN,0.128391,NaN
1621296000,NaN,0.129188,NaN
1621382400,NaN,0.129984,NaN
1621468800,NaN,0.130781,NaN
1621555200,NaN,0.131577,NaN
1621641600,NaN,0.132374,NaN
1621728000,NaN,0.133170,NaN
1621814400,0.101295,0.133967,-0.032672
1621900800,0.094735,0.134763,-0.040028
1621987200,0.081059,0.135560,-0.054500
1622073600,NaN,0.136356,NaN
1622160000,NaN,0.137153,NaN
1622246400,NaN,0.137949,NaN
1622332800,NaN,0.138746,NaN
1622419200,0.087015,0.139542,-0.052527
1622505600,NaN,0.140339,NaN
1622592000,NaN,0.141135,NaN
1622678400,NaN,0.141932,NaN
1622764800,NaN,0.142728,NaN
1622851200,NaN,0.143525,NaN
1622937600,NaN,0.144321,NaN
1623024000,NaN,0.145117,NaN
1623110400,NaN,0.145914,NaN
1623196800,0.108230,0.146710,-0.038480
1623283200,NaN,0.147507,NaN
1623369600,0.102152,0.148303,-0.046152
1623456000,0.097660,0.149100,-0.051440
1623542400,NaN,0.149896,NaN
1623628800,NaN,0.150693,NaN
1623715200,NaN,0.151489,NaN
1623801600,0.102508,0.156499,-0.053991
1623888000,NaN,0.161508,NaN
1623974400,NaN,0.166517,NaN
1624060800,NaN,0.171526,NaN
1624147200,NaN,0.176535,NaN
1624233600,NaN,0.181544,NaN
1624320000,NaN,0.186553,NaN
1624406400,NaN,0.191562,NaN
1624492800,NaN,0.196571,NaN
1624579200,NaN,0.201580,NaN
1624665600,0.118177,0.206589,-0.088412
1624752000,NaN,0.211598,NaN
1624838400,NaN,0.216607,NaN
1624924800,NaN,0.221616,NaN
1625011200,NaN,0.226625,NaN
1625097600,NaN,0.231634,NaN
1625184000,NaN,0.236643,NaN
1625270400,NaN,0.241653,NaN
1625356800,NaN,0.246662,NaN
1625443200,NaN,0.251671,NaN
1625529600,NaN,0.256680,NaN
1625616000,NaN,0.261689,NaN
1625702400,NaN,0.266698,NaN
1625788800,NaN,0.271707,NaN
1625875200,NaN,0.276716,NaN
1625961600,NaN,0.281725,NaN
1626048000,NaN,0.286734,NaN
1626134400,NaN,0.291743,NaN
1626220800,NaN,0.296752,NaN
1626307200,NaN,0.301761,NaN
1626393600,0.212381,0.298732,-0.086351
1626480000,NaN,0.295703,NaN
1626566400,0.145072,0.292674,-0.147601
1626652800,0.132453,0.289645,-0.157191
1626739200,NaN,0.286616,NaN
1626825600,NaN,0.283586,NaN
1626912000,NaN,0.280557,NaN
1626998400,NaN,0.277528,NaN
1627084800,NaN,0.274499,NaN
1627171200,NaN,0.271470,NaN
1627257600,NaN,0.268441,NaN
1627344000,NaN,0.265412,NaN
1627430400,NaN,0.262383,NaN
1627516800,NaN,0.259353,NaN
1627603200,NaN,0.256324,NaN
1627689600,NaN,0.253295,NaN
1627776000,NaN,0.250266,NaN
1627862400,NaN,0.247237,NaN
1627948800,NaN,0.244208,NaN
1628035200,NaN,0.241179,NaN
1628121600,NaN,0.238150,NaN
1628208000,NaN,0.235120,NaN
1628294400,NaN,0.232091,NaN
1628380800,NaN,0.229062,NaN
1628467200,NaN,0.226033,NaN
1628553600,0.253944,0.223004,0.030940
1628640000,NaN,0.219975,NaN
1628726400,NaN,0.216946,NaN
1628812800,NaN,0.213917,NaN
1628899200,NaN,0.210887,NaN
1628985600,NaN,0.207858,NaN
1629072000,NaN,0.205716,NaN
1629158400,NaN,0.203573,NaN
1629244800,NaN,0.201431,NaN
1629331200,0.370771,0.199288,0.171482
1629417600,NaN,0.197146,NaN
1629504000,0.296173,0.195003,0.101169
1629590400,0.314223,0.192861,0.121362
1629676800,0.510516,0.190718,0.319798
1629763200,NaN,0.188576,NaN
1629849600,NaN,0.186433,NaN
1629936000,NaN,0.184291,NaN
1630022400,NaN,0.182148,NaN
1630108800,NaN,0.180006,NaN
1630195200,NaN,0.177863,NaN
1630281600,NaN,0.175721,NaN
1630368000,NaN,0.173578,NaN
1630454400,NaN,0.171436,NaN
1630540800,NaN,0.169293,NaN
1630627200,NaN,0.167151,NaN
1630713600,NaN,0.165008,NaN
1630800000,NaN,0.162866,NaN
1630886400,NaN,0.160723,NaN
1630972800,0.254230,0.158581,0.095649
1631059200,NaN,0.156438,NaN
1631145600,NaN,0.154295,NaN
1631232000,NaN,0.152153,NaN
1631318400,NaN,0.150010,NaN
1631404800,NaN,0.147868,NaN
1631491200,NaN,0.145725,NaN
1631577600,NaN,0.143583,NaN
1631664000,NaN,0.141440,NaN
1631750400,NaN,0.142435,NaN
1631836800,NaN,0.143429,NaN
1631923200,NaN,0.144423,NaN
1632009600,NaN,0.145418,NaN
1632096000,0.223347,0.146412,0.076935
1632182400,NaN,0.147406,NaN
1632268800,0.272224,0.148401,0.123824
1632355200,0.195135,0.149395,0.045740
1632441600,NaN,0.150389,NaN
1632528000,NaN,0.151384,NaN
1632614400,NaN,0.152378,NaN
1632700800,NaN,0.153372,NaN
1632787200,NaN,0.154367,NaN
1632873600,NaN,0.155361,NaN
1632960000,NaN,0.156355,NaN
1633046400,NaN,0.157350,NaN
1633132800,NaN,0.158344,NaN
1633219200,NaN,0.159338,NaN
1633305600,NaN,0.160333,NaN
1633392000,0.176227,0.161327,0.014900
1633478400,NaN,0.162321,NaN
1633564800,NaN,0.163316,NaN
1633651200,0.177210,0.164310,0.012900
1633737600,NaN,0.165304,NaN
1633824000,0.171311,0.166299,0.005012
1633910400,0.224569,0.167293,0.057276
1633996800,0.161492,0.168287,-0.006795
1634083200,0.196280,0.169282,0.026998
1634169600,NaN,0.170276,NaN
1634256000,NaN,0.171270,NaN
1634342400,NaN,0.172509,NaN
1634428800,NaN,0.173748,NaN
1634515200,NaN,0.174987,NaN
1634601600,NaN,0.176226,NaN
1634688000,NaN,0.177464,NaN
1634774400,0.164200,0.178703,-0.014503
1634860800,NaN,0.179942,NaN
1634947200,NaN,0.181181,NaN
1635033600,NaN,0.182420,NaN
1635120000,NaN,0.183658,NaN
1635206400,0.159035,0.184897,-0.025862
1635292800,NaN,0.186136,NaN
1635379200,NaN,0.187375,NaN
1635465600,NaN,0.188614,NaN
1635552000,0.223423,0.189852,0.033571
1635638400,0.260510,0.191091,0.069419
1635724800,0.148222,0.192330,-0.044107
1635811200,NaN,0.193569,NaN
1635897600,NaN,0.194808,NaN
1635984000,NaN,0.196046,NaN
1636070400,NaN,0.197285,NaN
1636156800,NaN,0.198524,NaN
1636243200,0.163257,0.199763,-0.036506
1636329600,0.157117,0.201002,-0.043884
1636416000,NaN,0.202240,NaN
1636502400,NaN,0.203479,NaN
1636588800,NaN,0.204718,NaN
1636675200,NaN,0.205957,NaN
1636761600,0.186632,0.207196,-0.020563
1636934400,0.206551,0.209673,-0.003122
1637020800,0.180995,0.213067,-0.032072
1637107200,NaN,0.216461,NaN
1637193600,0.159519,0.219855,-0.060336
1637280000,NaN,0.223249,NaN
1637366400,0.476146,0.226643,0.249503
1637452800,0.268648,0.230037,0.038611
1637539200,NaN,0.233432,NaN
1637625600,0.411598,0.236826,0.174772
1637712000,NaN,0.240220,NaN
1637798400,0.246777,0.243614,0.003163
1637884800,NaN,0.247008,NaN
1637971200,NaN,0.250402,NaN
1638057600,NaN,0.253796,NaN
1638144000,0.214895,0.257190,-0.042295
1638230400,NaN,0.260584,NaN
1638316800,NaN,0.263978,NaN
1638403200,NaN,0.267372,NaN
1638489600,NaN,0.270766,NaN
1638576000,0.163678,0.274160,-0.110483
1638662400,0.153168,0.277554,-0.124387
1638748800,NaN,0.280948,NaN
1638835200,NaN,0.284343,NaN
1638921600,NaN,0.287737,NaN
1639008000,NaN,0.291131,NaN
1639094400,NaN,0.294525,NaN
1639180800,NaN,0.297919,NaN
1639267200,NaN,0.301313,NaN
1639353600,0.176402,0.304707,-0.128305
1639440000,NaN,0.308101,NaN
1639526400,0.194622,0.311495,-0.116873
1639612800,NaN,0.312086,NaN
1639699200,NaN,0.312677,NaN
1639785600,0.161164,0.313268,-0.152104
1639872000,NaN,0.313858,NaN
1639958400,NaN,0.314449,NaN
1640044800,NaN,0.315040,NaN
1640131200,0.241251,0.315631,-0.074380
1640217600,NaN,0.316222,NaN
1640304000,0.245527,0.316812,-0.071286
1640390400,NaN,0.317403,NaN
1640476800,NaN,0.317994,NaN
1640563200,NaN,0.318585,NaN
1640649600,NaN,0.319176,NaN
1640736000,0.197199,0.319767,-0.122568
1640822400,NaN,0.320357,NaN
1640908800,0.180913,0.320948,-0.140035
1640995200,NaN,0.321539,NaN
1641081600,NaN,0.322130,NaN
1641168000,NaN,0.322721,NaN
1641254400,NaN,0.323311,NaN
1641340800,0.210007,0.323902,-0.113896
1641427200,NaN,0.324493,NaN
1641513600,NaN,0.325084,NaN
1641600000,NaN,0.325675,NaN
1641686400,NaN,0.326266,NaN
1641772800,NaN,0.326856,NaN
1641859200,NaN,0.327447,NaN
1641945600,NaN,0.328038,NaN
1642032000,NaN,0.328629,NaN
1642118400,0.244746,0.329220,-0.084474
1642204800,NaN,0.329811,NaN
1642291200,NaN,0.328965,NaN
1642377600,0.395801,0.328120,0.067681
1642464000,NaN,0.327275,NaN
1642550400,0.375540,0.326430,0.049109
1642636800,NaN,0.325585,NaN
1642723200,NaN,0.324740,NaN
1642809600,0.359283,0.323895,0.035388
1642896000,0.401405,0.323050,0.078354
1642982400,NaN,0.322205,NaN
1643068800,NaN,0.321360,NaN
1643155200,NaN,0.320515,NaN
1643241600,NaN,0.319670,NaN
1643328000,NaN,0.318825,NaN
1643414400,0.547178,0.317980,0.229198
1643500800,0.485576,0.317135,0.168441
1643587200,NaN,0.316290,NaN
1643673600,NaN,0.315445,NaN
1643760000,NaN,0.314600,NaN
1643846400,NaN,0.313755,NaN
1643932800,NaN,0.312910,NaN
1644019200,NaN,0.312065,NaN
1644105600,0.247610,0.311220,-0.063609
1644192000,NaN,0.310375,NaN
1644278400,0.387309,0.309529,0.077779
1644364800,0.429075,0.308684,0.120391
1644451200,0.384572,0.307839,0.076732
1644537600,NaN,0.306994,NaN
1644624000,NaN,0.306149,NaN
1644710400,0.469459,0.305304,0.164154
1644796800,0.382514,0.304459,0.078054
1644883200,NaN,0.303614,NaN
1644969600,NaN,0.301638,NaN
1645056000,NaN,0.299663,NaN
1645142400,NaN,0.297687,NaN
1645228800,0.274588,0.295711,-0.021123
1645315200,NaN,0.293735,NaN
1645401600,0.226066,0.291759,-0.065693
1645488000,0.305912,0.289784,0.016129
1645574400,NaN,0.287808,NaN
1645660800,NaN,0.285832,NaN
1645747200,NaN,0.283856,NaN
1645833600,NaN,0.281881,NaN
1645920000,NaN,0.279905,NaN
1646006400,NaN,0.277929,NaN
1646092800,0.300635,0.275953,0.024682
1646179200,0.259219,0.273977,-0.014759
1646265600,NaN,0.272002,NaN
1646352000,0.343683,0.270026,0.073657
1646438400,0.223268,0.268050,-0.044782
1646524800,0.161228,0.266074,-0.104846
1646611200,NaN,0.264098,NaN
1646697600,NaN,0.262123,NaN
1646784000,NaN,0.260147,NaN
1646870400,NaN,0.258171,NaN
1646956800,NaN,0.256195,NaN
1647043200,NaN,0.254220,NaN
1647129600,NaN,0.252244,NaN
1647216000,NaN,0.250268,NaN
1647302400,0.399014,0.248292,0.150722
1647388800,0.259854,0.245184,0.014670
1647475200,NaN,0.242075,NaN
1647561600,NaN,0.238967,NaN
1647648000,0.299246,0.235858,0.063388
1647734400,0.255528,0.232750,0.022779
1647820800,NaN,0.229641,NaN
1647907200,NaN,0.226533,NaN
1647993600,NaN,0.223424,NaN
1648080000,0.250281,0.220316,0.029965
1648166400,0.261913,0.217207,0.044706
1648252800,0.244874,0.214099,0.030776
1648339200,0.189090,0.210990,-0.021900
1648425600,NaN,0.207882,NaN
1648512000,NaN,0.204773,NaN
1648598400,NaN,0.201665,NaN
1650153600,0.119732,0.150253,-0.030522
1650240000,NaN,0.149415,NaN
1650326400,NaN,0.148578,NaN
1650412800,NaN,0.147740,NaN
1650499200,0.170845,0.146902,0.023942
1650585600,NaN,0.146065,NaN
1650672000,NaN,0.145227,NaN
1650758400,NaN,0.144389,NaN
1650844800,0.111940,0.143552,-0.031611
1650931200,0.091528,0.142714,-0.051186
1651017600,0.104098,0.141876,-0.037778
1651104000,0.125173,0.141039,-0.015866
1651190400,NaN,0.140201,NaN
1651276800,0.084979,0.139363,-0.054384
1651363200,NaN,0.138526,NaN
1651449600,0.099876,0.137688,-0.037812
1651536000,NaN,0.136850,NaN
1651622400,0.085780,0.136013,-0.050233
1651708800,NaN,0.135175,NaN
1651795200,NaN,0.134337,NaN
1651881600,NaN,0.133499,NaN
1651968000,NaN,0.132662,NaN
1652054400,0.219222,0.131824,0.087398
1652140800,NaN,0.130986,NaN
1652227200,0.185698,0.130149,0.055549
1652313600,0.165789,0.129311,0.036478
1652400000,0.160295,0.128473,0.031822
1652486400,NaN,0.127636,NaN
1652572800,NaN,0.126798,NaN
1652659200,NaN,0.127595,NaN
1652745600,NaN,0.128391,NaN
1652832000,0.146092,0.129188,0.016905
1652918400,0.124147,0.129984,-0.005837
1653004800,0.142415,0.130781,0.011635
1653091200,NaN,0.131577,NaN
1653177600,NaN,0.132374,NaN
1653264000,NaN,0.133170,NaN
1653350400,NaN,0.133967,NaN
1653436800,NaN,0.134763,NaN
1653523200,0.190725,0.135560,0.055165
1653609600,0.149926,0.136356,0.013570
1653696000,0.134375,0.137153,-0.002778
1653782400,NaN,0.137949,NaN
1653868800,NaN,0.138746,NaN
1653955200,NaN,0.139542,NaN
1654041600,NaN,0.140339,NaN
1654128000,NaN,0.141135,NaN
1654214400,0.130651,0.141932,-0.011280
1654300800,0.117620,0.142728,-0.025108
1654387200,0.122579,0.143525,-0.020946
1654473600,NaN,0.144321,NaN
1654560000,NaN,0.145117,NaN
1654646400,NaN,0.145914,NaN
1654732800,NaN,0.146710,NaN
1654819200,0.136985,0.147507,-0.010522
1654905600,NaN,0.148303,NaN
1654992000,NaN,0.149100,NaN
1655078400,NaN,0.149896,NaN
1655164800,NaN,0.150693,NaN
1655251200,NaN,0.151489,NaN
1655337600,NaN,0.156499,NaN
1655424000,0.234914,0.161508,0.073407
1655510400,0.206788,0.166517,0.040272
1655596800,0.219289,0.171526,0.047763
1655683200,NaN,0.176535,NaN
1655769600,NaN,0.181544,NaN
1655856000,NaN,0.186553,NaN
1655942400,NaN,0.191562,NaN
1656028800,0.240676,0.196571,0.044105
1656115200,0.361493,0.201580,0.159913
1656201600,0.301274,0.206589,0.094685
1656288000,NaN,0.211598,NaN
1656374400,NaN,0.216607,NaN
1656460800,NaN,0.221616,NaN
1656547200,NaN,0.226625,NaN
1656633600,NaN,0.231634,NaN
1656720000,NaN,0.236643,NaN
1656806400,0.166676,0.241653,-0.074976
1656892800,0.188484,0.246662,-0.058178
1656979200,0.175019,0.251671,-0.076652
1657065600,NaN,0.256680,NaN
1657152000,NaN,0.261689,NaN
1657238400,0.176299,0.266698,-0.090399
1657324800,NaN,0.271707,NaN
1657411200,NaN,0.276716,NaN
1657497600,NaN,0.281725,NaN
1657584000,NaN,0.286734,NaN
1657670400,NaN,0.291743,NaN
1657756800,NaN,0.296752,NaN
1657843200,NaN,0.301761,NaN
1657929600,NaN,0.298732,NaN
1658016000,NaN,0.295703,NaN
1658102400,NaN,0.292674,NaN
1658188800,NaN,0.289645,NaN
1658275200,NaN,0.286616,NaN
1658361600,0.244902,0.283586,-0.038684
1658448000,NaN,0.280557,NaN
1658534400,NaN,0.277528,NaN
1658620800,0.163471,0.274499,-0.111028
1658707200,NaN,0.271470,NaN
1658793600,NaN,0.268441,NaN
1658880000,NaN,0.265412,NaN
1658966400,0.223969,0.262383,-0.038413
1659052800,0.186406,0.259353,-0.072947
1659139200,NaN,0.256324,NaN
1659225600,NaN,0.253295,NaN
1659312000,NaN,0.250266,NaN
1659398400,NaN,0.247237,NaN
1659484800,NaN,0.244208,NaN
1659571200,NaN,0.241179,NaN
1659657600,NaN,0.238150,NaN
1659744000,NaN,0.235120,NaN
1659830400,NaN,0.232091,NaN
1659916800,NaN,0.229062,NaN
1660003200,0.221905,0.226033,-0.004128
1660089600,NaN,0.223004,NaN
1660176000,NaN,0.219975,NaN
1660262400,NaN,0.216946,NaN
1660348800,NaN,0.213917,NaN
1660435200,NaN,0.210887,NaN
1660521600,NaN,0.207858,NaN
1660608000,0.205583,0.205716,-0.000133
1660694400,NaN,0.203573,NaN
1660780800,NaN,0.201431,NaN
1660867200,NaN,0.199288,NaN
1660953600,NaN,0.197146,NaN
1661040000,NaN,0.195003,NaN
1661126400,NaN,0.192861,NaN
1661212800,NaN,0.190718,NaN
1661299200,NaN,0.188576,NaN
1661385600,NaN,0.186433,NaN
1661472000,NaN,0.184291,NaN
1661558400,NaN,0.182148,NaN
1661644800,NaN,0.180006,NaN
1661731200,0.169549,0.177863,-0.008314
1661817600,NaN,0.175721,NaN
1661904000,NaN,0.173578,NaN
1661990400,NaN,0.171436,NaN
1662076800,0.090653,0.169293,-0.078640
1662163200,NaN,0.167151,NaN
1662249600,NaN,0.165008,NaN
1662336000,NaN,0.162866,NaN
1662422400,NaN,0.160723,NaN
1662508800,NaN,0.158581,NaN
1662595200,NaN,0.156438,NaN
1662681600,0.141335,0.154295,-0.012960
1662768000,0.082638,0.152153,-0.069515
1662854400,NaN,0.150010,NaN
1662940800,NaN,0.147868,NaN
1663027200,NaN,0.145725,NaN
1663113600,NaN,0.143583,NaN
1663200000,NaN,0.141440,NaN
1663286400,NaN,0.142435,NaN
1663372800,0.112003,0.143429,-0.031426
1663459200,0.112280,0.144423,-0.032143
1663545600,0.165158,0.145418,0.019741
1663632000,0.131796,0.146412,-0.014616
1663718400,0.150509,0.147406,0.003103
1663804800,0.104439,0.148401,-0.043961
1663891200,NaN,0.149395,NaN
1663977600,0.104875,0.150389,-0.045514
1664064000,0.201499,0.151384,0.050116
1664150400,NaN,0.152378,NaN
1664236800,0.138598,0.153372,-0.014775
1664323200,0.173632,0.154367,0.019265
1664409600,NaN,0.155361,NaN
1664496000,NaN,0.156355,NaN
1664582400,0.144130,0.157350,-0.013219
1664668800,0.205547,0.158344,0.047203
1664755200,0.175415,0.159338,0.016077
1664841600,0.163063,0.160333,0.002730
1664928000,NaN,0.161327,NaN
1665014400,0.129689,0.162321,-0.032632
1665100800,0.189383,0.163316,0.026068
1665187200,NaN,0.164310,NaN
1665273600,NaN,0.165304,NaN
1665360000,NaN,0.166299,NaN
1665446400,NaN,0.167293,NaN
1665532800,NaN,0.168287,NaN
1665619200,NaN,0.169282,NaN
1665705600,0.130553,0.170276,-0.039723
1665792000,NaN,0.171270,NaN
1665878400,0.094450,0.172509,-0.078059
1665964800,NaN,0.173748,NaN
1666051200,NaN,0.174987,NaN
1666137600,0.098837,0.176226,-0.077388
1666224000,0.130325,0.177464,-0.047140
1666310400,0.115171,0.178703,-0.063532
1666396800,NaN,0.179942,NaN
1666483200,0.216869,0.181181,0.035688
1666569600,NaN,0.182420,NaN
1666656000,NaN,0.183658,NaN
1666742400,0.137393,0.184897,-0.047504
1666828800,0.166258,0.186136,-0.019878
1666915200,NaN,0.187375,NaN
1667001600,NaN,0.188614,NaN
1667088000,0.092474,0.189852,-0.097378
1667174400,NaN,0.191091,NaN
1667260800,NaN,0.192330,NaN
1667347200,NaN,0.193569,NaN
1667433600,NaN,0.194808,NaN
1667520000,NaN,0.196046,NaN
1667606400,NaN,0.197285,NaN
1667692800,0.117957,0.198524,-0.080567
1667779200,NaN,0.199763,NaN
1667865600,0.109977,0.201002,-0.091025
1667952000,0.074476,0.202240,-0.127764
1668038400,0.113598,0.203479,-0.089881
1668124800,0.098267,0.204718,-0.106450
1668211200,NaN,0.205957,NaN
1668297600,NaN,0.207196,NaN
1668384000,NaN,0.208434,NaN
1668470400,NaN,0.209673,NaN
1668556800,NaN,0.213067,NaN
1668643200,NaN,0.216461,NaN
1668729600,NaN,0.219855,NaN
1668816000,NaN,0.223249,NaN
1668902400,NaN,0.226643,NaN
1668988800,NaN,0.230037,NaN
1669075200,NaN,0.233432,NaN
1669161600,NaN,0.236826,NaN
1669248000,NaN,0.240220,NaN
1669334400,NaN,0.243614,NaN
1669420800,NaN,0.247008,NaN
1669507200,0.141373,0.250402,-0.109028
1669593600,NaN,0.253796,NaN
1669680000,0.163169,0.257190,-0.094021
1669766400,NaN,0.260584,NaN
1669852800,NaN,0.263978,NaN
1669939200,NaN,0.267372,NaN
1670025600,NaN,0.270766,NaN
1670112000,NaN,0.274160,NaN
1670198400,NaN,0.277554,NaN
1670284800,0.117509,0.280948,-0.163440
1670371200,0.068241,0.284343,-0.216102
1670457600,0.122224,0.287737,-0.165513
1670544000,NaN,0.291131,NaN
1670630400,NaN,0.294525,NaN
1670716800,0.107880,0.297919,-0.190038
1670803200,NaN,0.301313,NaN
1670889600,NaN,0.304707,NaN
1670976000,NaN,0.308101,NaN
1671062400,0.142389,0.311495,-0.169106
1671148800,0.145667,0.312086,-0.166419
1671235200,NaN,0.312677,NaN
1671321600,NaN,0.313268,NaN
1671408000,NaN,0.313858,NaN
1671494400,NaN,0.314449,NaN
1671580800,NaN,0.315040,NaN
1671667200,NaN,0.315631,NaN
1671753600,NaN,0.316222,NaN
1671840000,NaN,0.316812,NaN
1671926400,0.189790,0.317403,-0.127613
1672012800,0.287376,0.317994,-0.030618
1672099200,0.254127,0.318585,-0.064458
1672185600,NaN,0.319176,NaN
1672272000,0.316282,0.319767,-0.003484
1672358400,NaN,0.320357,NaN
1672444800,NaN,0.320948,NaN
1672531200,NaN,0.321539,NaN
1672617600,NaN,0.322130,NaN
1672704000,NaN,0.322721,NaN
1672790400,0.340885,0.323311,0.017573
1672876800,0.324862,0.323902,0.000960
1672963200,0.193501,0.324493,-0.130992
1673049600,0.249024,0.325084,-0.076060
1673136000,NaN,0.325675,NaN
1673222400,0.189380,0.326266,-0.136886
1673308800,NaN,0.326856,NaN
1673395200,0.259411,0.327447,-0.068036
1673481600,NaN,0.328038,NaN
1673568000,0.162037,0.328629,-0.166592
1673654400,0.271907,0.329220,-0.057313
1673740800,NaN,0.329811,NaN
1673827200,NaN,0.328965,NaN
1673913600,0.219965,0.328120,-0.108155
1674000000,NaN,0.327275,NaN
1674086400,NaN,0.326430,NaN
1674172800,NaN,0.325585,NaN
1674259200,NaN,0.324740,NaN
1674345600,NaN,0.323895,NaN
1674432000,0.242316,0.323050,-0.080734
1674518400,NaN,0.322205,NaN
1674604800,NaN,0.321360,NaN
1674691200,0.198070,0.320515,-0.122445
1674777600,NaN,0.319670,NaN
1674864000,NaN,0.318825,NaN
1674950400,NaN,0.317980,NaN
1675036800,NaN,0.317135,NaN
1675123200,NaN,0.316290,NaN
1675209600,NaN,0.315445,NaN
1675296000,NaN,0.314600,NaN
1675382400,NaN,0.313755,NaN
1675468800,NaN,0.312910,NaN
1675555200,0.163091,0.312065,-0.148973
1675641600,NaN,0.311220,NaN
1675728000,0.129805,0.310375,-0.180569
1675814400,NaN,0.309529,NaN
1675900800,0.114392,0.308684,-0.194293
1675987200,NaN,0.307839,NaN
1676073600,NaN,0.306994,NaN
1676160000,0.140499,0.306149,-0.165650
1676246400,0.194725,0.305304,-0.110579
1676332800,NaN,0.304459,NaN
1676419200,NaN,0.303614,NaN
1676505600,NaN,0.301638,NaN
1676592000,NaN,0.299663,NaN
1676678400,NaN,0.297687,NaN
1676764800,0.128552,0.295711,-0.167159
1676851200,0.212139,0.293735,-0.081596
1676937600,0.132588,0.291759,-0.159172
1677024000,NaN,0.289784,NaN
1677110400,0.152329,0.287808,-0.135479
1677196800,NaN,0.285832,NaN
1677283200,NaN,0.283856,NaN
1677369600,0.072663,0.281881,-0.209218
1677456000,NaN,0.279905,NaN
1677542400,0.114430,0.277929,-0.163499
1677628800,0.142629,0.275953,-0.133324
1677715200,NaN,0.273977,NaN
1677801600,NaN,0.272002,NaN
1677888000,NaN,0.270026,NaN
1677974400,NaN,0.268050,NaN
1678060800,NaN,0.266074,NaN
1678147200,NaN,0.264098,NaN
1678233600,NaN,0.262123,NaN
1678320000,NaN,0.260147,NaN
1678406400,NaN,0.258171,NaN
1678492800,0.110728,0.256195,-0.145467
1678579200,NaN,0.254220,NaN
1678665600,NaN,0.252244,NaN
1678752000,NaN,0.250268,NaN
1678838400,NaN,0.248292,NaN
1678924800,0.113036,0.245184,-0.132148
1679011200,NaN,0.242075,NaN
1679097600,NaN,0.238967,NaN
1679184000,NaN,0.235858,NaN
1679270400,NaN,0.232750,NaN
1679356800,0.125953,0.229641,-0.103689
1679443200,NaN,0.226533,NaN
1679529600,0.140059,0.223424,-0.083365
1679616000,0.156489,0.220316,-0.063827
1679702400,NaN,0.217207,NaN
1679788800,NaN,0.214099,NaN
1679875200,NaN,0.210990,NaN
1679961600,NaN,0.207882,NaN
1680048000,NaN,0.204773,NaN
1680134400,0.089835,0.201665,-0.111830
1680220800,NaN,0.198556,NaN
1680307200,0.097316,0.195448,-0.098131
1680393600,NaN,0.192339,NaN
1680480000,NaN,0.189231,NaN
1680566400,NaN,0.186122,NaN
1680652800,NaN,0.183014,NaN
1680739200,NaN,0.179905,NaN
1680825600,NaN,0.176797,NaN
1680912000,NaN,0.173688,NaN
1680998400,NaN,0.170580,NaN
1681084800,NaN,0.167471,NaN
1681171200,NaN,0.164363,NaN
1681257600,NaN,0.161254,NaN
1681344000,0.069099,0.158146,-0.089047
1681430400,0.105026,0.155037,-0.050011
1681516800,NaN,0.151929,NaN
1681603200,NaN,0.151091,NaN
1681689600,NaN,0.150253,NaN
1681776000,NaN,0.149415,NaN
1681862400,NaN,0.148578,NaN
1681948800,NaN,0.147740,NaN
1682035200,NaN,0.146902,NaN
1682121600,0.088597,0.146065,-0.057467
1682208000,NaN,0.145227,NaN
1682294400,NaN,0.144389,NaN
1682380800,0.080091,0.143552,-0.063461
1682467200,NaN,0.142714,NaN
1682553600,NaN,0.141876,NaN
1682640000,0.103031,0.141039,-0.038007
1682726400,NaN,0.140201,NaN
1682812800,NaN,0.139363,NaN
1682899200,NaN,0.138526,NaN
1682985600,NaN,0.137688,NaN
1683072000,NaN,0.136850,NaN
1683158400,NaN,0.136013,NaN
1683244800,NaN,0.135175,NaN
1683331200,NaN,0.134337,NaN
1683417600,NaN,0.133499,NaN
1683504000,NaN,0.132662,NaN
1683590400,NaN,0.131824,NaN
1683676800,NaN,0.130986,NaN
1683763200,NaN,0.130149,NaN
1683849600,NaN,0.129311,NaN
1683936000,NaN,0.128473,NaN
1684022400,NaN,0.127636,NaN
1684108800,NaN,0.126798,NaN
1684195200,NaN,0.127595,NaN
1684281600,NaN,0.128391,NaN
1684368000,0.068163,0.129188,-0.061024
1684454400,0.082492,0.129984,-0.047492
1684540800,NaN,0.130781,NaN
1684627200,NaN,0.131577,NaN
1684713600,NaN,0.132374,NaN
1684800000,0.056861,0.133170,-0.076309
1684886400,NaN,0.133967,NaN
1684972800,NaN,0.134763,NaN
1685059200,NaN,0.135560,NaN
1685145600,0.060884,0.136356,-0.075472
1685232000,NaN,0.137153,NaN
1685318400,NaN,0.137949,NaN
1685404800,NaN,0.138746,NaN
1685491200,NaN,0.139542,NaN
1685577600,0.058764,0.140339,-0.081574
1685664000,0.091665,0.141135,-0.049470
1685750400,0.077138,0.141932,-0.064793
1685836800,NaN,0.142728,NaN
1685923200,NaN,0.143525,NaN
1686009600,NaN,0.144321,NaN
1686096000,0.086304,0.145117,-0.058813
1686182400,NaN,0.145914,NaN
1686268800,0.080032,0.146710,-0.066678
1686355200,NaN,0.147507,NaN
1686441600,NaN,0.148303,NaN
1686528000,NaN,0.149100,NaN
1686614400,NaN,0.149896,NaN
1686700800,NaN,0.150693,NaN
1686787200,0.076760,0.151489,-0.074729
1686873600,0.092472,0.156499,-0.064026
1686960000,NaN,0.161508,NaN
1687046400,0.114156,0.166517,-0.052360
1687132800,NaN,0.171526,NaN
1687219200,NaN,0.176535,NaN
1687305600,NaN,0.181544,NaN
1687392000,NaN,0.186553,NaN
1687478400,NaN,0.191562,NaN
1687564800,NaN,0.196571,NaN
1687651200,0.102368,0.201580,-0.099212
1687737600,NaN,0.206589,NaN
1687824000,0.189104,0.211598,-0.022494
1687910400,NaN,0.216607,NaN
1687996800,0.167866,0.221616,-0.053751
1688083200,NaN,0.226625,NaN
1688169600,NaN,0.231634,NaN
1688256000,NaN,0.236643,NaN
1688342400,NaN,0.241653,NaN
1688428800,0.087117,0.246662,-0.159544
1688515200,NaN,0.251671,NaN
1688601600,NaN,0.256680,NaN
1688688000,NaN,0.261689,NaN
1688774400,NaN,0.266698,NaN
1688860800,NaN,0.271707,NaN
1688947200,NaN,0.276716,NaN
1689033600,NaN,0.281725,NaN
1689120000,NaN,0.286734,NaN
1689206400,NaN,0.291743,NaN
1689292800,0.155169,0.296752,-0.141583
1689379200,NaN,0.301761,NaN
1689465600,NaN,0.298732,NaN
1689552000,NaN,0.295703,NaN
1689638400,NaN,0.292674,NaN
1689724800,NaN,0.289645,NaN
1689811200,NaN,0.286616,NaN
1689897600,NaN,0.283586,NaN
1689984000,NaN,0.280557,NaN
1690070400,NaN,0.277528,NaN
1690156800,NaN,0.274499,NaN
1690243200,NaN,0.271470,NaN
1690329600,0.105792,0.268441,-0.162649
1690416000,0.090128,0.265412,-0.175284
1690502400,NaN,0.262383,NaN
1690588800,NaN,0.259353,NaN
1690675200,NaN,0.256324,NaN
1690761600,NaN,0.253295,NaN
1690848000,0.067518,0.250266,-0.182748
1690934400,NaN,0.247237,NaN
1691020800,0.076249,0.244208,-0.167958
1691107200,NaN,0.241179,NaN
1691193600,NaN,0.238150,NaN
1691280000,NaN,0.235120,NaN
1691366400,NaN,0.232091,NaN
1691452800,0.047977,0.229062,-0.181085
1691539200,0.065006,0.226033,-0.161027
1691625600,NaN,0.223004,NaN
1691712000,NaN,0.219975,NaN
1691798400,NaN,0.216946,NaN
1691884800,NaN,0.213917,NaN
1691971200,0.036163,0.210887,-0.174724
1692057600,NaN,0.207858,NaN
1692144000,NaN,0.205716,NaN
1692230400,NaN,0.203573,NaN
1692316800,0.036106,0.201431,-0.165324
1692403200,NaN,0.199288,NaN
1692489600,NaN,0.197146,NaN
1692576000,NaN,0.195003,NaN
1692662400,NaN,0.192861,NaN
1692748800,NaN,0.190718,NaN
1692835200,NaN,0.188576,NaN
1692921600,NaN,0.186433,NaN
1693008000,NaN,0.184291,NaN
1693094400,0.058035,0.182148,-0.124113
1693180800,NaN,0.180006,NaN
1693267200,NaN,0.177863,NaN
1693353600,NaN,0.175721,NaN
1693440000,0.060147,0.173578,-0.113431
1693526400,0.047374,0.171436,-0.124062
1693612800,NaN,0.169293,NaN
1693699200,0.040824,0.167151,-0.126327
1693785600,0.061636,0.165008,-0.103372
1693872000,0.059984,0.162866,-0.102882
1693958400,0.048952,0.160723,-0.111771
1694044800,NaN,0.158581,NaN
1694131200,0.058487,0.156438,-0.097951
1694217600,NaN,0.154295,NaN
1694304000,0.059283,0.152153,-0.092870
1694390400,0.058836,0.150010,-0.091174
1694476800,0.061146,0.147868,-0.086722
1694563200,0.058101,0.145725,-0.087625
1694649600,0.052779,0.143583,-0.090804
1694736000,NaN,0.141440,NaN
1694822400,NaN,0.142435,NaN
1694908800,0.054345,0.143429,-0.089084
1694995200,0.055657,0.144423,-0.088767
1695081600,NaN,0.145418,NaN
1695168000,NaN,0.146412,NaN
1695254400,NaN,0.147406,NaN
1695340800,0.053017,0.148401,-0.095384
1695427200,0.054728,0.149395,-0.094667
1695513600,0.056973,0.150389,-0.093416
1695600000,NaN,0.151384,NaN
1695686400,0.044411,0.152378,-0.107967
1695772800,0.049664,0.153372,-0.103708
1695859200,NaN,0.154367,NaN
1695945600,NaN,0.155361,NaN
1696032000,NaN,0.156355,NaN
1696118400,NaN,0.157350,NaN
1696204800,NaN,0.158344,NaN
1696291200,NaN,0.159338,NaN
1696377600,NaN,0.160333,NaN
1696464000,NaN,0.161327,NaN
1696550400,NaN,0.162321,NaN
1696636800,0.057449,0.163316,-0.105866
1696723200,NaN,0.164310,NaN
1696809600,NaN,0.165304,NaN
1696896000,NaN,0.166299,NaN
1696982400,NaN,0.167293,NaN
1697068800,NaN,0.168287,NaN
1697155200,0.134177,0.169282,-0.035105
1697241600,NaN,0.170276,NaN
1697328000,NaN,0.171270,NaN
1697414400,NaN,0.172509,NaN
1697500800,0.150894,0.173748,-0.022854
1697587200,0.081227,0.174987,-0.093760
1697673600,0.085689,0.176226,-0.090536
1697760000,0.095224,0.177464,-0.082241
1697846400,NaN,0.178703,NaN
1697932800,NaN,0.179942,NaN
1698019200,NaN,0.181181,NaN
1698105600,0.146761,0.182420,-0.035659
1698192000,NaN,0.183658,NaN
1698278400,0.083926,0.184897,-0.100971
1698364800,0.117602,0.186136,-0.068534
1698451200,0.147811,0.187375,-0.039564
1698537600,0.117830,0.188614,-0.070783
1698624000,NaN,0.189852,NaN
1698710400,NaN,0.191091,NaN
1698796800,0.484027,0.192330,0.291697
1698883200,NaN,0.193569,NaN
1698969600,NaN,0.194808,NaN
1699056000,0.200949,0.196046,0.004902
1699142400,0.173890,0.197285,-0.023395
1699228800,NaN,0.198524,NaN
1699315200,0.102953,0.199763,-0.096809
1699401600,0.156005,0.201002,-0.044997
1699488000,NaN,0.202240,NaN
1699574400,NaN,0.203479,NaN
1699660800,NaN,0.204718,NaN
1699747200,NaN,0.205957,NaN
1699833600,NaN,0.207196,NaN
1699920000,NaN,0.208434,NaN
1700006400,NaN,0.209673,NaN
1700092800,NaN,0.213067,NaN
1700179200,0.165917,0.216461,-0.050544
1700265600,NaN,0.219855,NaN
1700352000,NaN,0.223249,NaN
1700438400,0.194037,0.226643,-0.032607
1700524800,NaN,0.230037,NaN
1700611200,NaN,0.233432,NaN
1700697600,NaN,0.236826,NaN
1700784000,NaN,0.240220,NaN
1700870400,NaN,0.243614,NaN
1700956800,NaN,0.247008,NaN
1701043200,NaN,0.250402,NaN
1701129600,0.203869,0.253796,-0.049926
1701216000,NaN,0.257190,NaN
1701302400,NaN,0.260584,NaN
1701388800,NaN,0.263978,NaN
1701475200,NaN,0.267372,NaN
1701561600,NaN,0.270766,NaN
1701648000,NaN,0.274160,NaN
1701734400,NaN,0.277554,NaN
1701820800,NaN,0.280948,NaN
